5038038838
5027006369
1414006922
3327332190
7816061297
3525048992
3101000612
5902126804
0523005733
5009106346
7724745755
0504007693
2901030646
7709008852
3811167535
7810255553
1011005108
2310111297
3250057750
7703595570
7813059155
7743373485
3328412522
7728135831
2465006513
5902115094
2539030721
7704697207
5000000218
6731010189
5044125655
7743356592
2508045333
7814027004
5025012896
3123040930
7714046959
5263001814
6450042805
2466000401
6013000288
6670160730
4006002065
7733799210
1653008582
6517004027
2528000926
7705585440
7719243661
7720019008
3906034170
7714406538
3903008430
7719258347
7729655368
7604156684
7017334036
9701004970
6228038066
3627008639
6312040240
2311011320
5029014809
9102046280
2304016990
3128065293
7414000992
0541000015
3663001942
2108002261
7710478789
8003021109
1830000270
1510008048
5029022704
7830001839
5004000089
5005001110
7704040517
7709502155
9715426146
1629003431
7726065829
7719741321
7802148357
7718874505
7202255830
7813427641
7815014022
1655409759
2115000346
7816131635
2525003164
6316135260
7714938405
7715278180
7706194960
7803058547
0603282806
7709211195
4401159638
3917000617
6674164790
0317002279
7714938300
1659002192
7713161050
2536131136
2543028394
2203003875
9701187346
3207001905
7728786311
8300003864
7224001941
7708280326
7801070620
9722013742
6731028404
5046048999
7203047511
2809000390
6163068567
6658521941
7702020219
7701969903
5053033231
2306000450
2126003691
2129003280
3235001826
1215048572
6312134360
6312102986
2104000471
1215014090
2902001119
1001010821
2128007123
2129005369
7705014485
5016018436
1651000330
1215012600
1659000692
7710100355
3811167567
7606011268
3610007820
7714797240
5238000045
2528000901
1300008210
5406293244
6686038662
4704057466
2538066595
7730247451
2801016951
7710442630
3528001689
3729011599
7825405201
7808003527
7810182560
4632297547
7751046749
7825697956
2634011648
7728245263
3123004106
7704027964
7712103721
7708251822
7206000783
7733043569
6617006973
5407181328
5032001704
7817014691
7729279642
1657102836
7714474168
3438004903
7830000352
6320010256
7826098137
7721001557
7722121864
0273068738
7604303628
5042013917
3666003835
3445013151
7730045102
7801233786
0276029529
7734008581
7453326003
7723736010
2309001518
7733141647
3826003787
3327100993
7203151985
2801048449
3128001437
2310043720
1435023848
6316104945
7816300957
4217159611
6905008053
7104007243
2125002230
7719037926
5077000274
7728518506
3128041662
6318136702
5013048425
8603097950
7701039070
6454004416
3906154164
2722057024
5009048221
3906205764
7717007644
7813432987
7816020075
6439035547
2635026460
1655171640
1626007149
7814120170
5001008435
3232001641
7024016098
5009007401
5015000725
7709051600
5031020694
0903000442
6672135384
7817012479
7708023061
5040006209
3906248599
5207003751
2508013074
7825012056
7806056530
6663071832
7817014772
5031035348
2310012803
7705199395
6213000133
5835005907
1503015990
2279005551
7830001934
7809006739
7720214390
5506032020
5320013512
7802031020
6658065880
6646008630
7812010171
2724075519
0902010913
5022035172
7713030755
7702019661
5405116154
3702032739
5410147327
2536234935
5610004196
2301090361
6453058803
0277039262
7805445260
7806359535
4346054367
3906175051
4821002277
1516614408
5032300711
3906165215
2801137748
1831142398
5406631510
3906168960
5406999150
2016079306
7710422169
1001062611
7805434451
7801644289
2004001168
3905033791
6450010602
2016080069
5047065683
0101009232
7806362873
4632037845
6732154539
0608038551
5904331950
3329011322
9726005076
1639034245
4332006959
7734737908
5001042130
1645023474
7814614002
6143068209
7840496161
2337022044
1650272236
7814619177
7810477852
5404087415
5404087133
4826128700
5911037205
7840036608
7810486293
1660113330
7805390363
5032268095
7804372770
7838408009
4025068752
2015040289
7802729619
6623115917
2311194948
5046071772
7715478214
7107501901
7811018971
7841500188
2539079741
1611290471
3906171924
1326195212
5032071564
5446116114
1516612143
5024177260
9729043859
3128009080
2721204340
0725013783
8902009126
6703004289
6616006018
3234039880
4205300027
2463053148
4825028156
4414006950
0277921001
1101031470
0542016321
6163099660
5835103862
3234040815
2464002442
4826033663
6321241249
5024103220
0561051201
0561052597
6229032892
3444267259
2465053680
5516002385
7327081674
2223032899
3443058340
3128042120
4823003533
4825030268
8604029649
4823010548
7449017789
5003110787
6221002007
6317035187
5904243246
5406257856
5407263443
3906980594
7723425784
3525317780
1648005931
7725294304
6232004920
7723206197
5918014969
5032120719
4823017575
5321081297
2301033444
0561049192
0560029394
2301034568
4822001036
0541016128
2465084712
1320000523
5410112902
2309135053
0561053738
0561011657
1647016553
5906102890
3445095549
1659188878
5038096300
5505059044
7719093310
7328078096
5506197142
9721074446
7814608030
5050154260
6446009717
0276130367
2901249300
6684029535
5027211390
7703808771
4401191600
7743211893
5406998100
7733886992
7707065421
4706026696
3444259931
7708262060
6027187639
1400005728
7802877367
7811600890
7723558350
9701000566
5017058706
7729161986
7743142960
7602102154
2465322847
8601057493
7804598295
7105521860
0544018490
5032261607
6950045650
9717113100
7811150634
5012078392
9705133912
1701042970
9703026866
7801631836
2724158596
2206002750
7810423293
7804403002
3849020250
5029081675
7726455593
6909007540
3255056301
7720864977
4205306734
7107109405
1327020487
1502046508
6027099196
7807359150
3616023554
5528212330
7721248057
9102027030
7722264703
4025024360
5753054300
9723043933
7725325545
9704117273
6950206353
7610083378
7811523780
5406588872
7724403783
5074018918
7813418990
9704063606
5408240992
2536244179
7705952428
5005029010
2460092830
7722357605
5505222540
6325046753
3810068161
5250061809
7734385830
5029251415
7718963804
7714487632
6670357871
7743375429
7705799995
4823057031
7704397203
9109022351
9725096458
7203426460
7724303108
7702765476
2901294960
2635810450
9102192386
4205032650
7604340725
3661083636
1840039862
5705003352
5422110875
5453175431
7810693130
3664224204
2310088087
2354007198
2308114879
3459006718
1841059220
7017372063
6330068079
5044092030
5030048672
4025071770
1307077728
2311257676
3851017416
2368005560
5610151553
7723594422
7722405778
5310021306
7726361176
2543043360
2801133373
7204168124
3019017765
7720714650
7802847161
9725082737
3906413299
7814813897
7730281195
7722817274
6025051657
7404040410
2722074301
2804020586
1643011410
5509006942
6140004091
1658151554
6685145326
5003127639
7813512713
9717108903
3257063086
5504126770
9726013006
5027283637
7703400936
7731440592
1655339420
4705074601
1646039205
7719408521
9705052029
7704337437
1649036315
5834121146
9102236971
7612044649
7734671421
5407953260
2703009610
6164320770
9102032939
1648046712
7203402131
5614056815
2224140706
7721702915
9721083426
1655248928
5032302155
9705105680
9102210701
3528211358
5904200891
0262002911
7724304278
9102221767
2310110840
7203233532
6455056223
7841022608
6950179068
6923007084
4345409923
7020012367
0277958611
9702041396
1514012278
7733082649
7801132643
7719560822
7604182250
4345273447
7804537221
7701998894
7713292817
5404472375
3701005404
5610111416
6732147612
7814610826
7811119786
9103001193
5032073113
9728001415
7814713356
7801693952
5047127450
7811772681
2320101700
7704827375
2130091965
7702762980
7707384072
7714974555
0411170175
2224114537
9723140817
9731020457
1661041216
1661039048
7448149574
9721081845
6672244150
2722052259
1435093877
2222871186
7716544808
6685158220
7717611743
1657059203
5030091572
2320163390
7456032435
2902065056
7706679588
2312293109
7716829786
6623037747
2466094199
4217149557
7729317048
7720866131
3702065685
5256203256
0816041153
2312218542
5403360823
6362014414
6163123708
0278900702
6163157584
2460103954
0278164202
5321167723
9201519498
7716850996
9705168873
5614080159
7810703710
4205323401
7604354206
4345049741
3123384730
6671079909
7203493869
7713748105
5404492237
7719489979
7736314425
5262339456
1901143888
7453322143
1101125110
1840102828
7728494076
7202145322
5007105393
9103071553
5020022121
6166100762
6234155280
6229084717
6234157738
3662249958
2543059498
6234155297
7806464949
6234119316
6450079731
1435166758
5018149498
0274168157
1207014788
2521013700
7802680579
2723093561
5751200108
6166091998
4345301101
9709082095
6732209160
6234122911
7714912615
7814428990
7743216933
2311293226
7326046099
7701357548
3811112374
1644069388
2224201469
3443922835
2222833053
6829134712
1657195090
9102002645
7813574910
7813411472
5047145219
6321396637
1644086979
0706004342
3528145779
2311330380
7734353669
5904128973
5609091596
2723218806
2465120470
2004004610
1651071780
2724046821
2801085190
2724158370
7743325570
3801993892
2309094287
7811726773
2503028863
4706045794
1328168310
2221252602
7806570930
0264069870
3651008252
7840068173
7736258690
6685029320
3102047490
6658542476
4703153495
7450008500
7716230720
7810935439
5022069051
1655416530
4217128934
7455029609
2508080271
4704049916
6623098348
1639057355
7203451019
5528035410
7702375821
2014015392
7725810439
5190113760
1655211533
5036136364
2801130630
3257066217
6161073650
4253017997
7743155670
3906286900
1837011426
7703808563
6230085539
7207011121
0573012006
1001248052
7733895838
7704455984
7726344332
1661037467
9201007490
3525438939
9703082483
2221130160
7724939253
2312153969
3664057465
9703085075
2453010843
6623109350
5528049660
5024219496
2466154391
2536269896
1103046626
7720873058
7806125470
5027277898
6678029030
6318022984
6658407928
0277130842
6501100695
1101152403
6501152037
5802003220
6141021283
9710037065
7604385652
7724362336
1322120664
9718149645
7728890351
1832044770
4703142302
1661050877
4703142292
7841466917
6831020536
7717748748
3804055037
1609010536
1609008199
9719022673
7203345331
1660270502
1840050930
1633607740
4205232793
3460059841
6317157121
7727294839
7729411883
7727480480
3613006053
6452148677
6450070182
7751174148
7736249180
9702040040
9705078860
3827054390
7714324660
2123020089
7743361585
7730542552
5835134620
2320098398
3453005531
7722318236
6165215545
7734464150
7725283006
6168009300
7203244326
7842495999
7724740330
3123359042
7724807747
7723596211
2311130084
7417016038
0912003961
4902010484
7709488704
9102184642
7734424550
9717071080
0275922105
5045045025
9715403974
7735177720
7810948195
6671090130
7728363429
2543157128
4220032291
7810455182
7704878411
5404499095
5190063492
2536332604
5405025637
7450061461
6318002610
0711021079
7716161259
7810949706
5017114020
5048031694
5024196217
7806419840
7710431533
2901245218
7716635413
6625061992
2310210788
7705169295
3443129023
7801715363
7723793763
2801091081
7710364566
7743065762
9718055242
7722364257
7721531233
0800003466
5020089609
8615010921
7722797589
4703121630
7805426789
2457062916
3625016183
6686047709
6671268279
6311190034
1661051542
2543106356
6916017941
5256135550
7536158377
7726471919
6164088189
7743652496
2543051851
3811126930
6450608230
2466137942
9705033805
4345215068
6230075820
2312260216
2311237341
6166108112
7706424276
0273092508
7728880145
3662991888
9728051913
6167138198
7727573906
5004023978
7710502960
3525115712
7816655540
6671248547
6625029100
7813281657
6950005657
6732167778
5258145497
4632079860
3812066522
3812085324
0326566384
3801120520
0323358971
3810061670
9728036802
7805728187
7805661817
4702020301
3906190204
7801446978
3905042154
7801648653
7805437646
3912000363
4703045468
3906253775
9721160222
7730273290
5032287517
2222868881
0107036810
2466122054
0323387891
5223000370
7733881088
7714456585
4213008594
6311084205
7729774333
6732072149
5072007903
0326546067
7842117926
7701529116
5405061515
7720693400
0277116830
0274161948
0278173574
0237995180
0274106224
0277094591
0256024473
0276901387
0273944047
0273075679
0276084329
0272919922
0277912617
7804604728
7725291536
7721765993
7706432196
3123220435
3123199487
3123151580
2309130175
4028040498
6678100317
3123318825
6732063899
5752037782
3123377549
3123455268
2311165672
6673249850
7707409601
6672258227
0257006614
9722031036
1102015209
1646031220
3525322740
7716964217
9724065224
5903065343
3233013174
0571010155
1657138511
7703607313
7701683439
3448051229
2537106301
3528314635
9102255847
1651000203
9715204520
7718981480
7703413861
9725021452
7718885176
7706283730
5904121505
7722301200
3111505355
3662222917
3703018960
3811108057
7733732294
6142021455
1655478375
5003123592
5904088022
5018149297
7723427686
4205313611
7839462986
7709491217
7725315201
3906366698
0253014741
1655417140
7725373161
5262328983
5246043300
7725401757
7727301170
5038113267
7726445683
3811037254
3817048485
6318048950
3661173505
3662228884
3827066099
9721170069
3102045616
9729275602
7705535022
5017117101
9723085570
7743178847
6671139146
3250506596
3234051052
9701069818
3906996650
3123213244
3917508256
3808098592
7733368239
7724485923
1645032550
9705166442
7715006797
1644015463
9726012549
2905006524
8904044849
2801096964
7733221243
1644033494
7716822325
1631004249
7751068510
6623138230
0326525490
9702028282
5018182664
7103048470
7716968525
7751153660
7817066450
6685055633
4027102984
5206023931
7743308285
2312210310
3327309152
5024212684
5919022930
5535005007
5050061230
2723164678
7751030033
3257043001
7203380262
6311110198
3662294260
7814139149
3849055220
1661027878
2453011195
2308121562
9722028851
2320071075
7713469052
3907039365
2225156716
3123419622
7716604912
0608060148
6376062249
4027145762
6732143625
3906335280
7455028700
7460042877
9721115773
7805477695
3317008614
5904996610
3702035289
7536098449
6141046175
9703093527
7811499400
1645002989
7104076631
5024190261
6671050794
6452149159
7724474061
4101094997
5506135629
6142018156
7743225092
7901550387
7751136294
9710091295
4401176111
7723907033
2905007704
7801718685
7802339288
7714937401
7714935789
7702270280
6658077268
7736261741
7728896297
6686077541
5030090297
3528072584
7604342112
2310207880
6230083651
0273074097
7536056512
1639045046
7842164130
7810855374
2320148539
9721158304
2460115773
3528231900
7806517615
5402010544
2465149776
7610107766
7602107875
3505005260
5837066398
0104016125
7203294729
9718058620
7820330834
3808218853
2127323623
3906075804
7810391877
7814277519
7727733814
6658314737
5017101207
7801583340
1424008929
7713008284
2315122493
7723906368
4004007854
1633009588
1326193590
7811718356
3917037631
6321369432
8602010681
4011018328
7706269768
7810791610
1650370970
7724759363
7604120832
2466178000
7725359287
6318243380
6168028800
7116156708
2631031357
6672309217
6402901905
2311177396
7801317250
7725367746
5044125581
6662118894
6362007400
5047003510
3461064523
3662138670
7731310770
5638058829
6321449840
5029190120
9729109612
9704079451
1001228850
3311008833
2536186840
3327144165
7722626142
6316187540
6161064246
6722043389
6670115960
5262295255
3663150214
3917017346
7105523240
0608026274
7451384828
7801573743
5802003238
1612003137
9715224421
9701020890
6658217878
6452116964
1660220710
7812017145
2013007991
6453132574
3461009522
5260115690
5260312307
7813350741
7810697495
6317100774
6454132545
1658157394
1660327340
6311094612
6317123965
6452117855
6321281844
3460062869
3445071146
3460016703
6312201930
6312142121
6325071615
6452122598
3448040509
3461010327
6455066983
3448043965
3525336239
6315632685
1660355555
6330056436
1216007917
3435042450
7811600202
3525319233
3525433264
3525194182
3666170314
3616008757
3662212203
3665105048
6357941879
1435302376
2366002540
3245516327
6319164131
0816041065
6623043910
6623110612
5609191784
0275910318
5610240242
2540196538
3819013939
7017340921
7701866545
1833032136
2312306703
7536153932
2540231091
2308208083
5603042835
8906001167
1841074468
7107525050
2311179474
7743946834
2721182632
2539081081
9102031519
7804018392
7814721170
7710940499
3525368022
3257019707
1655428173
7811198516
7456001268
3663068175
6161054093
7802698061
9704027622
2320232854
7713479491
3443138525
2315104906
7813637952
5401961071
7604343518
2225151436
0524005006
9723113186
7106527953
5501108131
2465239155
7802813532
7727709434
6449083684
6658430275
6670314067
4209028936
6167100035
9715318800
6722024065
4345197644
4345076015
4348037720
0534031679
5024182648
1658193064
7720456209
7733101813
7709502490
2222797133
7017130554
0278970650
1327012038
4028029310
7715500533
5951002819
0276146864
7838030937
5012026436
7728838739
5075025996
6832038511
7720711466
5256071320
7736540833
7725632017
3661057192
6315597960
7801664648
9701193371
7813466312
1327030206
7802852725
4025453112
7720681980
7716922376
2301089888
4807004970
5259125609
7810754337
7714475732
7017357192
3255506335
7725266106
6311170729
7722678091
7751006190
1646042769
5407502349
9702029409
7714457797
8606013309
7730709480
7300000300
2311251522
6453154497
7723882491
5009122179
2508125846
1650359769
3804030441
7714300669
6161077855
5256137268
7203538206
4705068693
9706025300
7751191383
6312210773
7743243133
4221020919
7603054270
3528281820
7727420201
1651082654
7816672070
2225164499
7806169125
6679157757
7802199601
7203479416
6230056721
0278912585
7725815596
5024121317
5904361017
3015102995
5018130049
7813583087
9703094930
3702174370
7715593263
7703814197
2310172420
0277114858
5027256182
5040121924
7840034791
4826067863
7203258350
7708404162
7722432732
7838052786
6658498869
7703389016
5017116330
7802923849
5835139611
5040176585
1218000240
5260261250
7321013830
5026000389
8602230729
7714687920
7718982853
5056008498
5702010270
6452950739
5837013340
0274911397
0919003216
6501110830
6659169271
5920021988
7716890406
7701154844
0910006357
2308230642
7801348890
9717066019
5263135092
7728344514
6316216127
2130103963
5006011544
7116144886
7751150595
5258120950
7718945570
1424009190
7802667472
9723088451
7814441790
1616021169
1616030050
4101185387
2311285264
7802528951
6731071664
0274907827
9719021609
9721163167
5905269230
7726380059
6670475804
7725447590
9715376287
6165196902
2310212601
6671080799
4826106752
6501152990
2462218291
7734405980
3523010908
7610122394
0544008541
7214009067
0608000318
7811532111
7536181129
1832156717
6319203542
7456044800
7716687066
8601054510
5503249586
2466280244
7720455477
2320205280
7707832207
5002106241
5103300213
5047181626
4826059284
0275913559
7602127335
6623115522
7733294690
7703657787
6732146168
7727852040
3528062811
0506002813
5042124007
4501119124
3257056297
6629013848
7719082044
1435349624
7716966197
5024154256
7612048192
3334000238
7725730198
6316105064
5035030735
3917043970
1840068670
6686084281
7203447823
7802621171
5506076412
7816158771
2311159774
5603038250
4345020340
5507237461
2312096630
3108008219
2457088216
0571008251
5903044618
7719835114
2721253234
1431014120
6611007603
7447078560
9103082185
7602084201
6318244232
7716589774
7807387775
1660284030
6950110877
5403029837
2459020277
1656105577
2315077184
7802620837
9709067851
7203189481
7720832630
7825053207
1660191628
7736261075
2130198940
7806520079
9725041089
7814685412
9704052562
3666209875
7801578734
7453235959
4003013380
9704075231
7716780474
0603017290
5032300373
7804515813
7810466748
7714501245
9102053061
7820311373
7017415380
9102005004
9103002782
3327132106
7806436290
3123387667
9701036876
6670314892
1657243900
7810659115
4826076233
3111006028
0272910172
1661060882
9701105960
5029194051
8602259703
6164300815
7811585473
9200011197
7716819160
5024185247
0268029236
7718280029
2634054578
7743191069
5249127903
7725108773
1659160907
7727494877
2902060812
4704055229
7100001868
5047068564
7736282830
7802690062
7733337505
7703464707
0543015497
7735181980
9102155401
9724057375
2536108289
5430000971
2540092867
2724185751
2540219425
2536109162
2723055559
2536323631
2543149751
2538082413
7841334942
7825693430
2705092163
1434048737
2703104582
2723112285
2722128772
2508131462
4101095084
6167108796
7455021776
5638076627
7327031144
9704161642
7804186189
2508126960
5610160710
9718102870
7718842373
2308265444
7806519394
6501290319
3123486869
9731076259
3327831471
7707810595
2635253368
5018180120
1832107660
9102029710
2453012311
6330023952
6662079275
3812018840
7714984987
6685110411
7714299413
7702348338
7702416147
6316120680
1832138549
6671445697
7838502153
0917025905
1655450193
9704133959
7810176090
9701150000
2309074890
9723078140
7801329632
2635214190
7839443197
1655256284
0711018573
7720441146
3666214949
7729432298
5259130729
7733357413
8603132450
2311320448
9718001751
5906148686
5257069684
2309141321
5018081120
7722497105
2129049292
5829006532
5037060767
7725492673
9715228345
7725551054
7801714264
7725456298
6168116870
5610058191
7729459966
6685195239
6905044301
2724192406
5405460693
9710078784
7721092321
5406780819
2801194256
1657239005
7751173151
2543125207
9102024078
6952320319
9703015960
5959002786
2465178008
3915504175
2538112146
5007096269
7720817818
2312196000
5638078688
2723128408
4826138105
7814487724
6220008172
5506146860
6908015877
3849006713
6164121157
3811029461
5506069366
6501208434
8602256702
5009088601
5022057585
5507221366
5009084580
1655467951
5002005282
0278972094
9729316922
2308272152
4501145830
5260150039
3445124609
8709908380
4501205119
6143046614
6164279426
7743177219
6161040340
3664062419
3527013593
2801206180
7714797909
7743267293
7841445378
7743244200
1435154209
3812144837
3127014592
3628007540
1323122600
1327007750
6163148075
3666183850
0549009531
2901202253
6136016288
5933005824
7451416149
9102001916
2257006093
7225000147
4703118356
7716825630
4401152985
3019010382
6319175743
9717050033
3662188254
7743087212
5720021645
0547009208
5018204580
6418000737
2632103290
4632187343
6441019888
2009000087
7811613314
7802202406
7203475919
5259136738
7452113771
5406605535
0274972287
3257041773
3102201978
2225187810
2120004040
7810438067
7811342103
9721073241
5024181838
4345328713
7708102436
1657124526
2301087390
7453345856
6311120220
0326542993
4501090108
2540215942
9103013350
4027085217
1651074773
7714392885
6714025315
0309013943
7602137894
7536078516
2457049753
5836670720
9701211373
5007095875
6501175891
7205013363
3443139180
7804645509
4025445337
7724717613
5638073200
6685179477
6674369613
7720291726
5612066222
5256182937
4205049702
7813294991
6318235862
7811317837
2222077174
7702413026
6950108726
7814462670
7728756099
9704105831
5837068099
4205303780
8602167918
7813570948
6950194700
3123328816
5018159143
7716618263
6686086480
2311245889
2722120861
1655421756
7743358198
6230064401
7203371772
7705729170
8604034871
4205052737
1657096685
7725372190
7729476030
6382020906
6439090548
2306026120
6670422200
6673132724
6670196906
6671077940
6679071411
6659169296
6670429727
0561043779
4821036808
7725445835
7716706992
0276135566
0275075025
2465330968
6413009430
9204571168
6633019480
5903140142
1400009088
5406767014
6027143279
1659178171
0267019387
4206024725
3419010877
5027083733
3811443680
2304062972
5190047155
6027109430
7206016423
3437013334
4313106098
7451449183
7801468611
1655180155
0816002330
6143056154
3459070022
5405361847
7702643848
4101006768
0545018888
3022003466
0264072576
7726408498
3122503776
5403173051
9705172742
1001346300
6165078698
4821012596
4027055565
0207006055
6315018549
6148013115
1435360650
5044118055
4632095371
2918007035
1001177997
3702156244
2635094975
2223577370
7801325927
5405341390
6234126553
5260436743
6319096072
1615015194
7536093610
5503166509
6453122696
7603000500
7707109710
7327041840
3906246680
3923003260
3905052226
7202124594
8605023417
6829095260
8602027491
8617023595
5502051600
4719026238
7840053441
5507263581
2014016533
9723150893
5902176234
3804004064
7805781254
7706817750
3908603496
0277946704
9723130946
5074076645
3918011080
0904006542
3906316601
6234002445
1659174280
3447027760
6140003242
6165145802
0278215785
7716906617
9729086556
6670290715
2540212331
7810419219
7736346057
7728449852
1840029790
3257059354
4823077334
2312136650
7720138220
0702007173
1655294610
5053068795
7804671989
7814378429
7713557100
2312276216
7203357312
1656099355
9731094635
5020087143
3702176307
3702116756
6950038300
3460080402
1831151970
1831153030
9721094957
1840035755
7724462517
9715416300
9704068509
7719758572
7811004802
3662993123
7727421974
3817043783
3817024117
3817026548
0225010470
1659110896
7719767827
7726397976
7727270490
7714445008
7714470533
7203419294
0608041995
5038095882
6229033712
1327019308
6820024345
6164124951
5208000070
6501282808
4825110587
2724208046
5407005121
3123357246
5407975401
9103005737
2536175729
4228008371
7604315800
6330056299
1400008863
7801638790
3016043781
9102049763
5610051862
2310223730
1658153135
2312200175
2536148933
1513054701
5034001957
7328047041
7203244407
7707460559
7706789407
6685029520
5320007396
7203331191
2632808237
7733801886
7701704135
7805403855
9721070410
7203383440
2130156997
5001041739
0278932479
7203460574
5902808910
1657220036
7701859675
6670319107
7724184740
5404523005
7716859942
0608040984
5405402620
1841088541
9102064810
3128035429
6166104118
7743748430
3126010161
7723704474
9723015252
7708301657
6620015311
7806228860
7203256184
6167052448
9710028102
6501299181
6679075286
7804627860
5505208095
1658087370
3651009464
3460064471
4013004634
4205286090
2234010745
3661179063
6501272341
7804679515
1840101380
2309157723
0276111477
9102249057
9717013320
7714450914
7706632910
1435212958
4007020275
6450105798
5028022236
1655409117
7107119308
5720023931
7720328905
7733759144
2315212620
6317077194
7814494383
5835089167
7714955256
7733879970
7722404083
7705454197
7707832415
7727792182
7724426124
9705116547
7723396269
1516617381
5038156359
7751158308
7720811397
9715415698
7722347413
7704851378
9723039366
7720797640
1004001511
0527002540
7814640612
4217124545
5904343730
6317122129
7716121880
9717016346
7801278191
7705522601
7728325141
5040159212
6685117456
6501148538
7411023374
1615016134
6230072219
5262268195
7715926762
5406322209
7727631139
2311212322
4345133383
5505216434
1660273461
7743374513
5904373735
5075036476
9701222960
9710094176
7814627650
7203420211
7722721646
0276935040
7806349551
7743657222
7714417868
1660346649
0570001912
9103078291
6732222980
9731058281
5834112423
7328076959
0725003383
3525425792
7805498649
2013432347
2309105690
3123339487
7810384189
5902994670
6820021312
7810941094
7806594708
7453129206
5024046772
2015002854
5404417279
3664095206
7842496897
5406727420
5404012970
7203342411
7704744665
7724299885
5024204330
1647017571
7722282100
7202254071
5074059248
7327064220
5501055377
6452054411
7717770038
7811376230
7723903945
6449024784
7703579000
7816599374
6685107296
0275914312
5904240830
5903998100
7704843987
7720430553
3662261024
5406582302
7735530590
7702824788
7733263469
7701340551
3811452395
7720723736
1512015210
6912012621
1655429709
2364018907
2524142800
9702008825
0274182271
3808192080
3810336780
3808223645
1515912458
7703467472
9725028948
5001069967
6167203023
1658187254
4501215580
6671065705
0276967532
7733772917
6455058171
9729057611
5257140785
7716715980
7722365638
5038042760
7704369069
7733304309
2465218282
5027211181
7722193450
1310087050
7729771766
7806352265
0276930797
2465162618
7801311089
3918013055
3257019182
5047241949
0702722832
2301071520
2703094503
1657073776
1659181826
1658215511
9719011311
3906982224
7203362087
9709013119
1646031380
1651074220
1841038639
5919012756
1651054907
0264070988
5905995640
7706577473
1650320730
1650298812
1650333908
7706699898
1650315673
4101163993
4105039556
5102046437
5027210830
2902072769
0403004590
7714403495
6671144347
7719739763
7704828107
9701093264
5024152379
0276157094
5040074664
7451258333
2311256217
2016002695
0546015311
7456050635
7604259048
2311290634
7722706180
4825018430
4632289539
2536308993
7716663611
7726429730
5507254386
9704013355
9723145188
7202188220
3662139240
3528164845
2301092577
6133001029
7116010392
7816235786
5032234459
7447277975
0265043578
0268052852
4703145102
2524004983
7839089926
7716891174
9102270411
5027226445
7743221700
2721238010
7814676249
0608043495
7733008229
7708405790
9201003784
9721094080
7447263059
1001186776
5905070532
2456005344
5030084977
7707415556
5034054229
7801106690
9729011159
5257054166
2130166057
7723902349
7728659592
5835136096
4345376964
2318043602
0276151007
1829014776
6312095866
7714308315
9729089518
9724080896
7718971611
7810444039
5405051443
1644056822
1684001516
5905049065
9203006580
6314039955
5310013513
3257019190
3257010302
2208055965
7701367190
7708367545
3664116304
7727217305
6167100758
5036133758
6439082522
3528199365
3327141005
3662262807
3702510713
7729502932
9723149993
7842198428
7838084379
7743388918
1106014816
7710521804
5246005128
5261096810
9729211239
6211005418
0268055490
5262292984
7447195994
3904072830
7805606534
7704399257
4205051081
7726549516
9726003142
2903006448
6820015044
9703077483
2464124874
7708572512
4101189769
7801710100
7724323880
7730679973
4205402269
7814784124
2536274952
4720011363
4727002030
4345409419
2466184364
4211017265
6658456643
0608006285
7813561260
0816010941
9102263260
9717119510
3906262674
4345468069
9703092467
9109001979
1645020459
1645031098
1650121357
8603117395
7714491090
2465122735
3525007876
2502054250
7814445675
5029237227
7813246282
7106048125
6322037052
7701678502
4823025167
7705800601
1650297569
9704143450
5903070946
5836312989
4703143592
3664239874
2508127410
7743289466
6168081770
7731430481
2540127037
6150075888
5050153467
7811559850
6449016367
2302065329
7723724495
6685081827
7106043039
7451225793
5049022237
7725754791
1660188079
7825413971
7703543324
7714952093
2225138160
7612046332
7802834758
3528107861
2722105856
6950175850
4825030067
7722752281
4632175637
6679056452
5405996685
1102075078
6670373545
7203279537
7728170152
2130053328
2232008902
3444154872
7448190773
8911014549
9724094659
5024141680
5403061527
1658185264
7736259982
7725813655
7733580877
5250066733
3435122779
5504134860
7707836392
7706108016
5256195260
5032277830
3235011366
0273918569
7721749543
2320177385
7326031649
9729320051
1609010328
7733506841
6672259781
5018148783
7412012640
7017427587
6684011288
2304057228
5405992384
7807228172
7325173915
2466103943
9731046840
1435286188
7455000279
7727831064
6452087375
7721653954
7106026403
7719419650
3443098512
7017347525
7707438225
7813636677
3906954146
3525426010
1400013415
5024067275
2311220355
3305794280
2308250102
7727421893
2311118425
2312238274
1516610259
1215141500
7017096720
7701682812
7116014485
7728391722
6670390653
8616012946
7805781293
1686005869
3904068657
4212028365
9725078963
5505000795
6629003208
7202016670
7733648606
9704109032
2221194887
7825670898
6658170059
7702680800
6165183050
1660265252
7724349670
6163130769
7203325039
0256995980
5048005158
0277114640
6501191100
7743699254
7714563682
7801648847
3413010687
3702149712
3907027747
6318010428
3316016933
7704419457
2304074470
2367000898
4205235057
5408184794
9709062042
2463257800
2310112974
2309149440
2312254798
5916013134
2464038939
2459019994
1434052010
2465272635
2465124980
2464254778
7718894438
2443025551
2465074697
2466282139
2465155201
8602196796
2465340116
0274946417
6606014468
3851005516
1435229373
5008053412
7718850705
5262221052
6714000261
1435318545
9717108484
2338010651
7810457849
1655143876
9726004393
3123151750
3455052311
5407487482
7714453175
9103004557
7730279911
7843315102
8601056940
5259091967
7719007015
6165114459
6452922964
9102044701
9102027061
9111008322
9110025131
9102015108
9204568574
9102040672
9102220435
2301092633
9102190212
9102036147
9102174027
9104002231
9203000073
9102233201
9102039469
5615012497
7801301228
7806154383
4205282032
5112301742
4205403294
5022055355
7751060214
5250057802
6623106711
5024186473
7704354947
1841102179
3208004031
9102021253
2312306326
2312261996
2360009228
2311317879
2336018535
4909063020
4202049359
4205066257
4205304776
4205262371
7743927888
7714878139
2223620957
5451202390
4501212814
4501191811
7801316344
6518009282
2013428781
4632220287
4631000190
4253007903
7413014914
7707441676
1661049543
4825130255
7810412735
7810552845
7806120578
7704444319
7813660616
7805148651
7841007631
7715866954
8603182387
9724084266
9724067599
1840092672
2625040191
9722016380
6670417440
3304015780
7721506798
7723374071
2331015643
5107912619
7705455715
7810080504
7826157671
7726688647
9102020605
6658473007
6330061669
2301084030
7713468958
1840014882
7802808155
7807175361
7811479098
4011026382
7132003699
6315630399
9724078939
9702039291
9705174299
1435148830
7842386407
7802610081
7816581391
7804549308
7802922210
7814236640
8904068712
6163076649
4345171220
5903033260
2465305721
7225005025
4712024168
1657205817
3906958310
5029105728
7722412888
7804576862
7733274950
9726004001
5406365756
1628000036
5257013995
2721249319
0274970508
6902033460
4613006383
9722000020
7725646242
0268082783
7719158381
6514009098
5020050390
2319061160
7612048040
7327051253
1840023076
8614007845
6684027224
9701156059
9725089041
2001000078
5407488800
7729469065
5906072613
3528314667
2130152914
7806597096
1656105584
6141048510
7813595195
6674377519
3123334023
4825087899
6950188979
3652007325
5610049214
5031113772
3917022667
3804053255
1651063066
5001125442
3906261141
0257005956
7725309744
7806319557
9727005350
6155065795
9731066839
9704017631
4345074723
7722862936
7814485325
6147000917
7327090848
9704165830
6141046190
7733272590
5259007355
2463256250
5032029202
9702027306
7838397830
7716671732
1648039659
1655096560
7203328537
6508010306
3257500000
7709997500
5518007340
6161085327
0274925865
6674200102
7811598426
5032234040
6449101728
7704512223
7807080991
7801712235
7814613908
5406818050
9731006501
9701170014
3525356732
7743140804
3808174099
7203184211
1650086215
4401186409
5404089726
9704104595
7743226956
0274936786
7805777138
7805446048
5027175247
7709534245
3128086222
5047181898
5027138132
3019009676
6372021844
7708329331
0278214580
1511027156
2533007317
7709952115
9109000710
1435317647
3662249210
7707396423
6002004428
9102206230
7606129069
7727702527
7456000698
4909129513
7444060237
0516009938
1656103160
7702452152
6439087947
5045062126
7323004140
6165167732
5260428213
7724908262
2308265050
3120100228
7708407893
2102002410
7727491178
1816001402
1816004227
7602047680
7723382403
1628010771
7719498469
0105027747
0603003040
7733333772
6230039620
8602201830
7802702487
7206024336
6234176258
1215076675
7708567079
3301033301
5431106280
2502033250
2508129897
0263009652
5404432220
5002080787
0273944537
2721109181
3701047281
2724085411
7743114346
7802822488
6454084860
2723161645
2130045775
1835020320
6658460625
5034058375
4202051862
6232006282
7805271101
8601026657
5040069664
2508069743
7811321390
7702824410
6166096107
3811450461
7801138652
7805088378
7611996807
5029257583
7801661809
7325176183
7714299854
2204054375
1658049374
7820023103
2631038458
0571036080
6678100645
7815022577
7839015191
6164108822
7725837504
7840101198
3528092830
7706417617
5405071087
7722409324
2631030829
8620024038
7751012718
0522017341
4345005529
4307011419
2311262468
7716532792
7727767563
5614071450
5903118362
7726445034
7810738462
1831175611
5504043588
2464116626
9723141232
3907000135
7751100971
3123438858
5406999230
5226014364
7612046808
6908017360
5002004024
7704592660
4825060880
0274184367
1200005209
7810998446
7725127342
1650103326
7727272987
7719417526
3662235948
2373003784
7723436264
9102270651
7801613548
2464256334
5610213489
5029244552
7717161692
7710457250
7704442569
5610151419
7726761368
9723095900
7722387769
5262325157
7725292307
1628006045
7719436039
5050092278
6234067587
7203241879
7727663540
9102000581
2635098585
7811722923
7842163129
0541026038
2904026310
4900004654
5406043251
4501175947
5040129867
0411162505
4825100282
4825100290
4825038330
3528027790
4823056870
0276917147
3442091754
6658128875
7813412109
6912011988
6671199547
4825127816
6163104536
9723141923
7804360140
7446048965
7722855801
1840032881
7734414569
0267016107
3810060162
1901056410
1215060925
1639036411
6623085268
9703079699
7727851825
7810382463
5008045362
6949107196
0276961266
7104504693
2308237366
7813184156
6446011681
7807079481
7722483335
5410057666
7726444150
7727470812
2224126532
7716851502
7810750780
2635220034
7328074775
7202204320
6319167855
9701113190
7716938288
1659113583
7723881843
3906292083
1601007387
5501184848
1433027364
6731029197
7725360758
5020085964
5038163042
7802577645
7814648869
1327032115
5402056130
5074068588
5009114989
0326496419
5040157254
7733271597
1611290305
7203358059
5027304710
3804051522
6154568429
3664237450
6318234481
1658179870
4025461000
3443097300
1651046310
2368003411
5835025773
2130123663
7816095810
7842183943
2315100323
5040120896
7729527775
7722386420
9701042975
1658152572
5007098202
6658070216
6317061349
2636219761
5024138342
9722024590
2311124436
7802655420
7804488359
7814709448
7604357870
0107030505
6518009067
5904062514
9102056626
7713799678
7726407600
5029171030
3257023679
6670350971
9718179093
5720023498
5029105453
5047194167
2222850771
7751238761
6950240594
7206061592
6311162735
7327090005
6234156156
0105037625
3906963038
7725375056
6952026613
6340007269
7716787737
7730699352
9718003519
7840505384
3906278360
7811734848
6732028326
7328044026
6316172423
2367000802
3666183730
5020077378
7722333347
3811042751
7807130184
7728881702
5407976130
3329078990
9703107184
3823031289
5047193100
6609010430
5250071243
3102014449
2635243465
3123022240
6684027070
5503214223
7302015052
1801005524
2369003439
3801110716
7811419892
3801141200
7530009410
1837014480
6952316993
7325134352
5040165209
2130140242
5038142162
2634094228
5410089202
4253010014
8602282950
8905050436
7328058318
5010049389
6314023257
0274922310
4020006086
6316194787
2315119910
9718070956
4705077507
1841073418
6658485725
6950181317
5911056991
5038081985
5528026969
8601049319
4345394032
4415008371
4205085115
6452059466
8401006290
7706807342
5211759861
9705129521
5041203520
7735153655
7707405300
7724478556
5047209818
9703109706
7720825512
5024223245
5040086405
5032284467
7718083790
7704352065
7707416084
5024151777
7718219049
9725042396
7727383937
9719024430
5404095014
7814292605
5407968771
5001107429
0274933344
7717668010
7716245621
5009116873
6623075622
7703421799
7730233787
0323376530
7725385907
6230113899
7716653620
7751145700
7714414338
6316208687
1660337732
7722486897
1833056923
7708396313
7734421485
7728437938
5402499124
7722862012
7743785224
6670416862
6670416870
7728381467
5191401786
5105010950
5703005481
3016061276
7619003786
3329078542
7116505148
7704311693
7817327091
7609021377
7727235230
7722707994
2543154670
5907044087
7727309556
1435172180
5244025873
4217060700
5507209714
5261070876
7729781281
7810244569
5038048032
1655015480
4705075108
5017007765
6314042482
5024171406
1657127284
2508014617
7806239238
7805611710
7722655464
7805698045
7806520343
1660338743
1831188593
7805794373
5047115422
1831205880
4712026983
7805615916
7842000950
7805316137
7810869546
7802867224
4707032100
7810328963
5024197362
3123384867
8608048339
6454085020
7825501956
6671076827
7017390111
8610017257
7810922905
5112000706
5407480832
7736331798
6130704168
1646013292
0226005145
0274152118
6316148325
3458001107
7801464198
0278937237
3811438898
7204088091
5259022593
0269016617
7302043807
9717098518
3461012290
1650383786
8602004134
2320152729
5262372823
5250064567
5256171981
5260156249
5261026323
5260404396
5257153390
5260422412
1646033806
1660256032
5261083762
7202224800
2315127004
4825096237
3128110940
7714919177
2130020989
2705094570
9724076480
7727414582
7801429620
5261086202
3849083122
2315113668
6658195053
5044120960
3461007412
9729321464
7813638762
5904381599
1326250505
7733343107
7839076420
5017098473
5047154277
3906312607
1435206520
9102235760
1657037577
7203448143
6901027577
0917020294
7814401325
2315120129
3114005544
9718082670
2315021128
2315024577
4017000856
5402565497
5406769692
7707351768
5829101352
7743378130
7801698076
7206030523
5405409009
7720405300
6229034385
3233500097
5612019906
5040078531
0901042285
7017340110
2443031234
7718791591
4101138309
6330041775
0722004163
6952041668
5022088350
5503253511
3328423475
9731005226
9702009681
7451399013
6670417055
5031091487
1633608768
7735145710
4205231084
7725449646
7723604952
7813489045
1435231380
7841323250
0323365680
1421009554
1313000353
7842198442
1657245993
7715972180
5406621110
7733311962
8610018780
3528258476
8603198901
7802234503
7811533718
4025445778
1650235530
5906049090
7730176828
7715870527
3245514792
7707471776
2801210518
0231006673
1660063873
6163102916
4028058343
7719232885
5823351324
0573012581
2222830221
6311068267
7536112238
4401184560
9201002332
7701923320
7714696932
2537100395
5906169566
9724032998
9717029923
1655318220
0274176422
4705023445
6452102320
7725715633
7717747568
7708776996
7731318384
7730178367
7131000670
7719880950
6319178092
6501140049
3666111622
2725071080
0105008744
9724042876
3525384602
5047184352
5047180397
7724803809
3702055550
7730705990
2628057193
9705115938
0603282034
6683000501
3666263801
9718148017
7728498137
7731395808
7706444321
9718191397
6509000205
5029182923
3906302060
9728067046
9704111747
3804051498
7813392389
3663102348
1650271151
2460088960
2634071929
5506231033
5503250824
1001199359
1001169851
1001280955
1841078423
2720059178
7723382379
4101098631
7722783988
6500003219
1841097384
7733851936
5402461191
3257082561
9705164614
2901285115
2308256739
3123427912
7716718370
4826129380
7733389126
7729787117
6027052800
7715680886
4205330494
4004021545
2503032764
6165227879
7726393851
7723428577
5752071920
5720016317
5638064815
7731293115
2130007836
2015001931
7736316581
7714956556
9718198040
6320039520
2222898269
7714480186
7728592323
2016003057
1649005395
7805388815
6367002405
7804320684
3128091409
0261021380
9715416317
9710027483
7811726780
1435307046
7713191304
7602096366
5027212932
1639009457
6501117716
6658526001
6025025368
4825147690
5007081135
7810795252
2130092711
7727181240
5260011099
6612031983
9108000348
1215119495
7100014708
5406825393
5406825516
5406825428
3245007217
7816476767
3620014376
3620011738
7707729707
1639051138
6141046200
7728188311
7728757423
7720867495
3811142280
4205069071
7451236548
7840092218
7704414716
5903113300
1650053957
2430003448
7724319789
6161074477
7418021129
2352053777
2464246819
3804035231
7727765140
2130141422
7801316190
0278205674
5407494810
3601008024
9723036774
9723150685
7722498853
9715336573
1655283697
5903110050
2349006696
6433007247
9102044229
7813271240
7604331583
3808203046
2635234742
6912009019
9102203020
7811183069
7714388920
0274183451
5451105936
2612018167
2455032987
4236000440
1635004257
0277055070
6501221844
6162059009
0225004830
3257069730
7203168121
9703075013
5905287253
1821014044
0517010044
4025077725
7814296705
7728883629
7751147955
6381020188
5030088481
9103075830
3525430601
6317145006
9705110520
7838460778
7805650702
7810741105
7804514263
7810451660
7813439894
7801223097
7841391556
1001335932
3410103510
7842411332
7811197985
2308111042
5024213744
6439089052
7733627162
9705143660
0572006514
7811268393
7811176505
7807230679
6685116389
4703076040
5009109428
8602012061
7841042298
9703075052
3448034047
7703433770
7842127970
6670459753
1901052630
7719866419
1319000649
5451110132
5751061158
4105025225
7804661677
1604010388
0274172160
6452087054
6453119541
7326043436
5803028429
2722079701
7708699780
9715246513
9715273108
7724307279
3665100339
3665110168
9721042885
2308164566
5007094590
7713487541
5031125908
5003115337
1207004807
2204017599
6312101439
7460035291
7810286022
7621007629
4212127060
1400008165
3128007037
2901258263
2901089696
0523005701
1327022438
7604195041
7447270183
9103011297
4707040580
4501015936
4029051541
2335062764
2335010131
7711090822
1651080985
1660312294
7715407742
6685098806
7805796959
7722858506
7810937316
9102020669
6455001697
7724750184
5402036158
7733633141
7203354590
7811705170
0255023639
7704342067
5029112806
5501182054
1833037769
6450098276
7017414235
7806334160
7801600676
2801262033
5904295075
5944002712
5952006622
4708005780
9731079316
4317006111
4317007242
7714341707
2014033546
5407970756
9703099166
6231032762
8610025723
6684005460
9701048448
2723200502
4253032522
7720446930
3702124531
5433964607
6163105473
7017421930
7726291994
3102038270
7734374066
7811637499
7605022531
3019016289
7816141030
5405433883
9724068715
4023011285
2635211248
7447306305
3666195326
5261115460
2320251649
2537129250
7718842380
3906397375
7720504621
7713631058
1435301012
5040139343
9721052516
5905256640
3851994281
7202088233
5905025730
5504136842
7802342428
5905255501
1326223981
5642021797
7814203997
1648036070
7706800259
4712023870
3128110845
5310020302
5905015027
6950186629
7751191344
5836683912
7751132500
7734346527
5032223697
5501087435
3018310640
7807378788
7447245469
4205280010
5501104634
1660284551
7017347839
7453136073
0326484614
6660139088
8602153626
5044080411
9729009255
2536201841
7452074410
5260455520
3009010792
9201001963
6164290564
7717154455
6671458086
6229079330
1435121718
2409001423
5440108420
9723049396
7203353149
1328002794
2452020415
5906123875
7841087860
0274964938
1327030453
6623051325
7731283269
6670400929
2463101546
1639056866
3528230914
7814662510
1614012176
6321416509
2222839841
6234169130
6319093949
5506044210
4207010450
6227008333
1215095396
1655211580
2320231071
1901057460
7445016858
4704060074
9725001287
1648036601
5250070930
3329039825
5835104440
1001283040
6670405500
2903003743
7455019110
6658399875
5243019316
7728373956
5078008935
1513043241
2443021620
7729774090
8911029432
3664245290
2223626243
6950164632
7448146076
6658460840
2464125998
7706442589
2466181691
7734001650
6367040859
6950034231
6453104827
3804032390
0263017082
7718184043
7714801305
1102061389
6501251937
7810685806
5401380285
7445038770
7736281610
4205114694
5249053458
2801227222
2902053526
2902053117
2320198804
9703069041
9728053117
2204088462
7720304943
7717539737
1901092680
7810937203
7806156944
7810495361
6165199205
7719413497
5010047511
8617037781
6317148141
6450114295
7715340230
5501046608
0277913459
2465248015
7723905815
2465069143
4223710330
7604274536
6952029766
7604332192
1658196107
4205284872
7704636050
6685088928
3255517200
0277918425
2508119345
4253044140
1656100988
5401304044
6829089675
5401380623
3528311546
9106001152
3805734257
7701388112
6623022483
5040095110
7841469072
7807251750
7736681834
6319172622
1650372343
7724794030
0276158683
3917517596
5836307146
3528240905
3528228295
5911082180
4312152790
8913007307
6625022030
7728434768
7202108793
0400011744
3804040129
0268029003
7714806470
4633036210
7725316011
3662180939
7810750660
7448194030
7802651514
7203382799
7203223372
7736573934
3461012317
1831183027
2130114394
4823071170
6163145814
7730205123
5422112696
6670367326
7703177967
3123225151
6658544441
1660138021
2540266922
7801657538
2465135477
7813645840
7707400574
5249115834
0601017418
2308239420
7702829497
6319227800
5020069465
6163222353
5503251088
8608055865
2521015257
7841383594
5258109026
9710042724
7802182380
2724210158
3123443946
7728468943
7811709753
8603134993
7721613221
7730588490
7728731175
7810682530
0107018882
0278196476
2611008543
4632227540
7703443023
9726014680
7714346600
0278943047
6658521684
5009126832
7701244520
4705082232
5406598528
1646047943
7116153665
1659188652
5027230917
7707601545
1660306830
5904270627
7722764512
7451402805
1655398803
5029232998
5246050321
7820043660
7456025854
7729486504
2309136402
7811492451
6027101649
6027096357
7811659380
7720392227
3123385726
9705179579
3711049714
3665100508
8911020616
5907003972
7813215340
2320214358
7725647528
3808218437
4028050859
3906412104
7801471460
7722824313
7806523457
5012023058
7801675015
9718146796
8603215762
5032308069
1831085686
5211760056
2303024981
7603045614
1841042963
5260400105
7816581627
2426005227
4703135143
6686119047
5406989257
7728867835
9725068482
9725046672
1657191681
3017043569
6501098164
6168073930
2320239151
2320234682
0274975136
0917036135
7810244255
1650269843
4004016390
0275055702
5902881028
8911030773
8911030734
8911030741
8911030766
0267021001
9701103258
7724014346
3906291192
7734381698
7726299552
7714944494
0275060445
0278161297
7727440536
7453283367
7731477962
5018196949
2539115830
5905022786
7710945472
2463247697
7727640768
7704404651
3525150442
2720055166
6150044992
6166094692
7603046343
3811141375
8602168608
2536070927
7203330254
7813580110
5031108596
1831170155
7203193368
3666145438
7719555163
6319210807
6686013756
7841070584
5321175330
1841029419
7708285211
7721821422
7725289311
4205357062
5906119082
7743171538
6381030027
1650295956
5030091389
7103018997
7105055881
2452041091
9725027736
1661068680
8605024594
9110022780
2462052342
4101175942
6727027824
4826075536
7816599670
7801537086
6230111789
2536323494
3706011835
4101008324
2223056681
5246034457
5906059080
6671069996
3804110249
3906084559
3906351500
7825674370
6950153736
3627030987
5118001061
5053050332
0274119142
2723187876
5032147213
7805695076
3810078963
6619011827
3904066709
2204049865
1832005980
6732100780
4401184585
4823080954
7714976979
4825041862
7901548035
5259022410
9701129746
3662265501
2723148845
7727481099
7814544002
7826039822
6950163188
3662128689
6623052745
2540048956
1650277562
2221126206
5405338020
2462228772
3801105071
3801095786
6684019128
7448176899
3666086670
4826077244
5046049015
0267011050
6011003886
7602110927
1656050350
7730669527
4633039323
6623073110
7736259414
2724196640
4826137207
1006011402
4217168687
3661174837
5918016187
7723879562
7401012119
7115009919
3445081521
0259015195
1644093013
1657225115
5406616375
4705021254
7605003419
3851008524
7727294518
5211759815
0323826436
6509008758
3662025355
5248017746
5211000432
2130118198
2128026599
5032137938
6626022280
8603108376
6827011144
7716930017
7604109902
7718064349
6630012493
4824002684
3456002465
0261039468
9701207659
2724219464
2308243578
5112091975
0534030185
7017344027
1018003124
5902814462
6679093422
4807007080
5410781244
0105043900
6205006318
2607013734
6629008735
7604285305
2308206618
7456034400
2353021249
1101147820
2130131960
2724208039
2124040169
9715334294
7703639379
2537125230
7717764556
5053036899
9705133599
1660329918
0278166665
2462211810
1655334214
1327006740
7728836114
7735586754
0278971502
1435342347
1838014589
7839083018
7701580306
7701392091
9705063006
7826040578
2466123636
7810344500
7820338706
1840086220
2710014805
6623117720
7842509070
7730261150
6321235904
0276156728
5410785016
5027243465
1835023553
7713481765
7825068250
7736274564
9701204143
7811538191
9721031315
3442098118
7204200191
7453292354
6630005182
5257204848
2320247554
2311210879
7751138855
6676003903
7111016922
7706307815
7810458095
2308238240
7714436412
5038163010
2320151796
1655418288
1656047942
3908029659
7451064200
7721283580
9705172767
6321177480
5408229117
7530012974
7842332835
7704097190
7706250870
7728127647
0554005853
2225147366
9724106424
0572012317
7810403650
6164029673
6164105910
6144011773
7707784553
1841090276
6164224530
3525346935
7842511320
6165212255
5953402033
2635062758
2374002494
2320164900
1513044220
7816671990
6155071904
7704844170
9718202987
9724003764
7727392787
6229092838
2983013092
7842203269
6320027651
7801502492
5022038991
7727823480
7724463609
6163127773
5040155680
7733584529
3328004347
6164319076
1001150699
6167109172
7720414248
7710665683
3702125493
7728392684
3528014977
7811562123
9103003708
5408310470
6950240629
3904046910
7728869416
4826054896
9102252691
5424402873
7801621186
7730202002
7838053331
7727440310
7720508834
9715279220
2724175922
7722530289
2460105750
6950192608
9726010968
0539005168
7727336743
2007007150
7727128609
3661174058
7727430376
5018114216
3460060237
2721206869
5313014402
7708404437
5027150612
3443066310
3528228376
2447009536
3661075642
7717552022
3906390122
5029208473
7715726361
0917009558
7716793949
1435290530
7724527620
0608005450
2465305778
1326203142
2320139573
9724080039
2444303480
7839406597
7709628278
5402487295
5905049033
5024164945
5254024237
6230014224
6230092649
2464142270
5402551818
6685192301
7107094910
6215018175
6027195090
6027203898
5403051060
7804646982
7705868462
5249173748
5074113569
7723788971
1832115510
1656107045
5908043992
7733352101
1657029199
3444099212
0266023197
6153025300
8603218361
6315543146
6317130313
7709493253
7804626111
1001163313
7724309565
7701976107
7814231666
1655447747
9704076179
5027135950
3906262586
9704080175
3661055935
9718013524
1001176094
3906241145
3907202565
3528222261
5401994077
4825039535
4823074654
3702005132
6672296141
9204012360
1327018992
9723166156
2311115985
1326219505
5029112429
6451004954
6452936734
2116004417
7727771640
6674300139
6454098566
7713699465
1435277232
6504013440
6501148841
6501140257
6501266556
1435184570
1435146367
6501099802
9723071024
1435140284
9705007756
7720246184
6321291063
1840053320
2367003835
7714969851
5031124799
5258122690
4027131015
7704459026
7453288936
3525306675
0278130740
2320177018
7730271817
3801155548
7327033487
6167076294
5028018007
7451391913
1402012110
7722624201
5029154595
6164218568
3702609328
8602028696
3455050917
8602228014
7709244578
2315141087
9731014414
5027183760
7733120781
5904095710
7716792864
3435113781
7702536109
9201003640
1101079506
7801311071
9204552020
9702029060
6617025172
8604037576
2901265609
7816216511
3525449017
5506045573
5504065302
9710018707
7604204708
7810518393
7810444134
4727003820
3525451009
2312168235
2631800651
7805061640
5110001743
8601053890
6679084812
8602194090
7814567850
3523012743
8911030050
4345482842
7203409391
7724946123
7017137609
7810396032
2901253787
7817039368
7842393940
9204016848
0608016205
0917035244
9204564072
9204003550
9201015388
1006012646
7708369736
7725301135
2536296498
7801421194
0323344552
7728200047
2222022619
1701008867
1834050040
7901542241
3123411969
7730278019
9705167580
4501199641
7703425419
6685114470
3245019981
6658249044
7716667246
5001105326
8604042801
4825040918
1427010838
1215072663
8605029850
3128037338
7733186831
7801640710
7714146801
3662218244
5048033412
5077028618
6312188253
7810926547
7420015958
7328075828
7727295529
7806422709
2310018298
2225196613
7022009793
8617013981
7014038720
3812157882
5406629783
8901012180
5406776185
8602185650
4253020157
5503202884
5406583472
3847000716
4205198334
5404352399
8619010425
4246002044
2461227744
2460079780
7202121875
0411123827
5403006244
0411172782
5410009937
5403176334
8602147598
4205393800
2463246615
8602236110
8602236199
4004018239
5406377430
8602264527
5404046874
2465323978
0323112706
5406579765
5405488280
5402576724
7204103857
2464232848
2225158223
7017421842
0411140847
4217193179
5501087474
3802013497
1901060906
5404428440
4253011321
3801125825
5404084319
5501058160
7203259114
7202164886
4253008086
5507228690
6658272660
4212039504
4212037546
2466236630
8603195315
3810031041
5404493174
2333010111
1659064720
3461059611
6163209634
9103095360
5024211070
2353002302
7715383072
5256199810
4206000322
2314016132
7325126136
6670344583
7734458020
7801670514
0266055865
1901118352
9103000552
7725313589
7714366500
5042078255
7724771184
7801629900
3525455356
9705150805
7727463893
7704847100
5447100572
7725370499
5032257329
6686018232
9729030151
6670381377
7802629220
4028058135
7703795723
1500001188
7444059263
4825116540
0264065498
6315658980
7725828411
7840100451
7839065805
5032196700
5024140260
6686045839
7715939930
9721176670
3460080226
2311315286
7840037746
5032264679
5262317519
7841036054
9103078252
7807229546
7604382683
3459013137
7724460615
7811553048
1624014542
7805750792
7743880238
7810950701
7725491158
7802617496
1655203148
6679030020
3906969801
6165179664
4824032897
6501271066
7455020645
7708817498
1656095590
9204563512
7723838809
1660281494
6167129901
9704107155
9701102342
5261120661
5027236154
7733333719
6316196752
5262355715
2466245602
3664082888
3428987228
7804566840
3664228590
2543141590
5032287690
9715201086
2462058601
7814789235
5044078010
7453260377
5190079823
2208060980
1657261025
2443041881
3461011384
1657223090
0273943491
1661057880
7806380022
7720395080
7813652189
7802924063
7810938694
7720874742
3906411164
3525422150
1660322976
7604178889
7708715337
7805750778
7705937797
7733661420
7802686309
7734212347
5012091361
7203256434
1832152166
9725022255
1657056812
9715279068
7838497601
7805774585
5256200167
7726397045
2460108230
5263136120
3906364179
0274186766
5029233695
3906271541
5029250926
3661071454
5024223037
7814462092
7206047284
7715465840
7723133534
7743106634
7811705519
7709477090
7602146218
7721700932
2367013343
5047227239
7734726504
2310215835
1001296257
7802593414
7810779081
3849072988
7100001025
7727384786
3812113035
3814039098
1660181411
7715951818
0273083616
9717062825
2312266987
5024182052
9704007545
5029213593
7731365673
4703150134
3123206896
5904322427
7728450872
7726411645
9715214092
9718104242
0326565398
3528206654
7709955148
4727001318
3906415874
7734729664
5038093765
4909122726
7722471330
5003108315
7733330362
2310211809
7455028588
7702230015
2721176406
4826153512
7720311482
7604376464
5249132149
6230090867
7810430974
3702131659
3906369829
7720369563
6311173590
5018163887
3906275698
9718009648
4025435554
5751064776
6166105190
5050117839
7714359415
2904028684
6623127239
3444261634
7424001716
2368011187
7708409097
7203532780
5403340440
7602145447
5905279647
9710087637
7801359901
6671459668
4205273863
7814299167
7718307827
5405375060
7838086810
7730694820
6623105933
6164134935
7714479085
7729572175
9717114304
7716849920
2370001757
5836401396
0265043909
1513072490
7722418907
5024193872
7720189754
2005003993
1655361899
7720434004
7743376831
7724937168
4205243072
6321235661
7709483054
9702006105
3728026289
2724140983
4312151972
0278210378
2315212450
5262376320
7804075070
9706005173
7705764030
7802690175
7709463450
7709976483
7327055762
2014031002
6165180765
7902526242
6950180271
4705024576
1658181894
1650321490
7802585036
9717019114
7203537474
5027203920
2624033240
7707315865
7727291210
7719469041
2224168959
5403043359
5260389130
1001291474
3435126766
7130031154
5074068108
6724007097
6732029538
0323028028
0326561812
9704064952
6155069599
4703157683
6732180850
9201503106
9710046447
6952319049
2543154857
7725708763
4826088951
7328080433
6685110034
2130203044
2130203037
2130203446
2130083379
2130153266
3664231829
5404526310
2130136091
5032273578
3906980731
3906346420
5032255307
3906346444
6730061705
5503185597
3906346437
7804678215
6633025074
4725002122
5045056443
1435135189
5835137653
2130134190
7801451689
7716874429
0277941181
5015015295
0275079703
7806491519
6829121640
7734104422
4704059689
2364017082
3448024338
1644070062
7206032055
3662263744
5321096751
7723424163
7701922341
7729455859
2710006593
8602157028
6205000725
5256111446
7107086807
7731404403
6501185674
9718047080
3257067250
3917054595
6729023159
7710909869
5038103004
2723198420
2309158340
1644040050
4407011701
6829056077
7713777794
5905998433
7724922806
2223616911
7606076280
1832147335
7604102400
2463095839
0265050582
2311091526
1901116651
7726458844
5027226124
5056007180
7203530535
5036156233
7728509886
5018100260
4823077341
2455016086
0917027356
4025424827
6319199222
9721076362
7713288137
6732147620
3435309618
5902140502
8601066160
2458013044
3525347689
7801285640
2130143469
6321359402
9203006910
9717019428
1513069465
7733284081
5904400883
2320147408
1609036742
2311159020
2464158432
4217176399
9204007410
7810859153
4634011867
1841001212
5819004230
4727003604
7810785494
2317057426
7105055874
6317097850
7810690443
2263010348
7703419302
2130083717
6025046872
3528188998
6101929470
7448130326
2320243567
7804536838
5638073104
7448187393
1106017535
4826133467
5003098427
3255050388
3661026797
2902064260
7727262139
7804561986
7839097412
9715414870
6950044247
2010001247
1651075167
7710971440
7813276791
6321357645
6325072626
3518005109
7751220242
7722785167
2540234857
6732180987
7807251284
2130209060
3444202188
5751055387
0276043467
2301098265
5405445127
7704305756
5001122378
7743503864
2801084479
3528233256
6166067321
3666162874
3528211100
7731421014
9715251351
5410077239
3663129910
7806296885
0562073335
9705041370
7816401296
7714862273
6833022747
7704392910
2124012066
0268076109
7329013736
5256138906
9108009816
3905082950
2605012809
2801154158
5257145631
5250064831
5003109679
1656089798
3906978771
5029106859
1701050227
3906359193
7460050814
5012021090
5042132985
2315178471
4501185800
4501207677
7203455253
7536170310
2312179068
2331010677
2127011744
3257008751
2801106556
2543093354
5027267554
6319250768
3445070537
7813609810
4703179856
3525108923
5752043909
5638065294
5610165193
2511039971
7203094857
5609063214
2629006554
4028051443
9201004280
3443144871
5262295167
6316203463
7714909436
2311251829
9715393860
7805378503
6315648406
7709911782
0278908941
0274187978
5261090174
2130136045
4003036203
2465337699
2801082168
0105008695
3460078019
1717009383
3906246665
5752079454
5751063317
5024093645
3665032047
3443142377
5702006637
6829113720
2310185605
6316217071
5321207013
0107034299
9102061785
2801223500
5835042056
2508121129
9201004259
1215078778
7716576574
2635253424
2130037277
6501181648
1200003579
7325010903
2129040518
2129056902
2801202330
1327019058
4217148761
1215121350
7204100711
2634044160
7202198420
2310128974
2130044299
6829117523
2124000409
0277120474
1327010792
1001090344
0277115611
5702010753
1001155425
3128095971
6319122170
5408172453
7806480080
5054010340
3446030706
5032053036
3460078058
2801098288
6829001720
5256129066
6141046087
7017362604
3702111194
1435203400
7204034836
9201007299
5752071913
7325103330
1903019815
4501124540
1717008397
6330060062
1218001621
7841074250
6154137687
0814155998
1435194970
2361014453
7203267387
7734415354
2311204307
6950199459
2618015243
7325124442
3329095202
3625008979
7203396093
3812002127
2320225840
2635224494
2130203012
3305015906
6501067536
2901155444
7841097843
7710281630
2312129420
7447100174
6137007409
4823074284
7701249736
2311108843
5209002295
4205410661
5008041255
7113010080
7206036204
7733761048
6685105796
7017421828
0277927589
7814351579
8905039369
4632196965
6318231219
7806508025
8603245848
2461040680
6234165390
7716247770
3808200479
5503236636
7702834017
7804173327
3443121183
4825090436
8904077509
2703011779
7604207184
0546017950
7202231363
9715216621
9723152682
6155920690
3123328982
7729760700
3257019986
7725847453
2724004959
2365022832
7723754980
5190017993
6617024771
9721060972
3123429317
8904031470
2312189429
3662149086
7826097239
7704349182
6685140960
7801519746
7203430280
3905054304
1644065312
7705486424
7448114074
2224095612
4345396079
7735167880
9723085771
7716796107
4027130646
7802182340
4501225796
6027176926
5725004643
7806257660
7705845384
7203530285
5259110955
2312233653
5042096825
6501301144
9705069897
9718045068
5249163813
7017370789
6452120777
7604319804
4623006745
3528308494
6230086490
2536154479
7720826185
7203446805
0278927623
6670357399
9721081179
7325069689
9204547408
7602113660
2464116640
6167108972
4022005056
5837069631
5904379624
6623078743
5053014782
3702104983
4632175147
5260429930
7722782455
0264067745
4334007468
7802383664
2311124316
5501073552
7731335654
7536167389
5951899290
3627032550
2317057867
6312182639
6671020951
7751006030
4823015680
4823027950
1660257082
6672355478
6312114879
5501136690
7733238310
1655279725
6515001951
9102026854
7743204261
7705989107
7733383100
7807381075
5504120955
7706766150
7802722839
7706816185
3906302165
5404427622
7743201447
1657112351
5032134172
2314021453
7713714032
9709002029
8602261653
7705396065
6659165083
7723497108
7814759640
7814751263
5258115164
7724745995
7717595347
7743229971
7814613827
7717645894
3903012644
7713470996
7328105085
9731074269
5032129599
7203161655
1831176816
0545027392
2463243540
2635083388
2635092858
7707407989
5247018497
5406990654
3663006034
3627014985
9201012524
3328458319
3662063142
9710047602
7724371147
5406754978
5829004486
4501187413
6229039023
2315170384
1106014799
7604250214
4345060167
7736303092
0323118338
5501193144
6829103680
0264074252
3525426884
7716563649
1655408184
4807007040
5044118016
2630049104
6164124790
6142016303
5074067506
4706033340
2311204459
7817320716
7604301564
0326512452
6318163181
2289002976
7730281188
5402008513
6732101047
7721351047
3662163637
7718878299
9710105903
0268067873
0268037011
5407247875
9703080197
7447119954
7714414970
9705103001
5006001514
7024038341
7116509696
7606079805
7326046300
5751057779
6832003501
7720862899
1639015098
6230101830
6230114148
1435279575
3127016381
4028065485
2631042951
7447145993
7840395741
7727772299
9703075430
7710101630
2635124676
6311149808
4702007332
5261041057
6025050639
6319186463
9102242894
7801286435
5503214216
2130025602
6501292500
9102061697
7728874871
0560004865
7726276121
4220040260
3322122249
6167132598
1308080353
6318226949
0107021081
3801055906
6340008382
7017445956
4307019545
7224079730
1624017247
5503239034
1213004178
4101158023
6147040074
3666101984
6215018922
6679091834
7219000212
2123005940
6151010121
3702173747
5011017260
6151345738
7726369697
6732072131
7751118168
7810206161
3810334254
0269036451
3811433106
2464122130
7724437550
7452031470
2536283185
1512017400
5539013432
8905067831
7449133577
5834046227
7810938253
6679059823
3528212263
2463083745
9729326504
8622004051
1660198278
3444202050
1633608750
7743031523
7810671553
1660124163
1901142355
3906328580
1660359207
7716136478
0274131559
6658461724
1655473627
7327066203
5904350618
6625049314
0278171626
7728296684
4825131629
6950041609
7328083794
7802926102
7811421411
3528237229
2463224065
3808203293
3702013870
9103002856
7806532476
4703058442
7224017652
7449121170
3017037734
6314024540
2536272320
5503095551
5321128428
1656093650
3123333855
7325164660
7203492738
5902167342
5906077058
6658344192
9201007316
7017011726
9201519667
3662112760
7328087894
3017043495
7701866753
9103002648
1632007884
1832137880
7719848480
9102038546
7710943700
5902048761
6312138816
6732112232
1645031813
4720020738
5507242260
3663114449
7743158696
7708290500
6829121738
2308259024
0276092746
6234171637
9721113790
1650301960
7813637110
9102032689
9705111362
9201519522
7802794223
5509009608
6612030370
1655164837
7811556391
7810358541
7814558855
6671458791
7203378714
3528176600
7814695280
3123104076
7736328322
5027218290
7203360668
3665096548
7816720503
9704054104
6149020186
5260321090
3827034636
1435129065
7733798591
3528204495
7801643052
5401382691
5503081397
4217161995
2464043914
1831163550
4027062516
0205008635
7729404011
7807039168
3827055805
2631031692
6678050962
1660194717
5503186978
6670447758
5010056386
4401143170
2724226937
7328065996
1831180121
5503178913
4632277283
6229067888
6679092891
6002007235
7017280119
7801646617
5407488140
5948996455
5504148171
2222843485
6670329850
9201502166
1661037121
2457075866
1659173712
1655449984
7702829144
7714349135
6658472814
7743324801
5507232505
2460230180
1655475582
7810376734
2208063204
5501083060
7202169563
4253026328
7536186769
5009124345
3435052585
7453316894
5321177425
7726406162
3906314996
1103013846
7801311307
6312138118
7203408895
8603199694
5040148475
9718001487
3435304384
2723207280
3123171562
2465244589
3906413193
5190070323
7801664655
7730692928
7728484141
4825148213
3102043263
6163105441
5836652696
5829004856
7721255488
7817044819
9715369441
0275928146
3917050791
6604027447
3664124739
7404058753
7802707358
6950206829
1101054406
7801695727
6670379868
7726451013
3814040093
7202164332
7743249061
4727005697
3508008502
7810938334
7701556127
5405023608
6315020668
7707836177
3128093290
9718127120
8602280649
7806553437
7811558261
3257035699
2311250695
4632203690
7751140170
5001118491
2464143644
7455020998
3123369241
7841035854
7734705110
6685182230
7839411639
7727482448
3702738997
7743374055
7716834257
4003040087
5829004782
7802265283
5261088432
2224172169
5919020845
7728372991
7736320147
7810502379
2509008729
7730699264
6501300976
7729599610
7731351230
7604261946
2536322966
7704801345
5610238780
7604265838
5433197275
8904049653
7733269372
7806153291
7810738590
7810737701
7724479101
9721018480
7203441934
5321071683
7724343012
7130032479
6671170509
7460027741
7716859780
6686054199
5725004516
1657265943
4703174216
7801539735
5260226400
1660193858
7448169080
5905070500
6685077926
7802856889
4632016482
1649036570
5903126324
7734399977
6164244007
2536140116
5050117620
2465330686
6725017316
6619010189
5609177684
5262264190
7801271630
6678017683
7728329280
3665063609
7202253455
4705077169
7810528602
5837047733
4027125653
1902022533
0274150230
1327158502
5010012332
3329088580
5022028866
1657125199
3308002006
0269022392
7112006229
2723189351
7705822482
6319024310
4011011690
6317106247
6509017953
7203530824
1659145289
1661055642
0274955933
7810329357
1655403179
6623018127
6315556787
4028029945
6213010935
7813576080
1832087358
7610129872
6673227920
1660329700
7602039463
7716067312
7455020613
5433181726
7717774699
2631030628
9705037905
1001224492
3817042892
0277126050
5020088210
5501232724
1001127234
7713739414
7805792295
2309137815
1511013442
3123361122
7813394940
7730252490
0275926935
5506072520
5920017942
7453260088
7203279103
7825418313
7751177519
5406577126
4401038136
8603154598
7328047066
7810746150
2703026052
5501252953
7224051364
6623042578
3016028790
2632060216
0278940092
7448165826
0272902260
0273919210
1832113978
7814244129
5405368786
1324001800
7730193950
3663140914
6380000990
7805338290
1644014981
5501253717
6027171452
4345364782
5031036119
5029262329
0105055159
6168063788
5507112085
2310205932
0274914454
0562058873
5261085840
2310192916
3906265570
1650103580
6603016160
7709954112
4029052464
6658479922
6453144530
0323087908
1511014929
7813616374
5902191761
7826664294
6450068666
2224001149
5504090122
5260409997
1501024526
4029017572
2457056912
1657085027
8615011812
5911074951
4707039419
5507122171
8602105076
4707036496
7826005559
6949108778
5408280177
7718287056
7451445189
6027169693
4823055595
2723193397
7411019138
2503033704
6316211200
7719555460
9729255885
2128035949
6318129511
0277135216
0400008100
1832083988
9721072953
2130171280
7727322451
2723143639
2537112714
2463237410
5610162795
7122006490
1902026672
3665150019
6226011206
8602256501
2464204791
0255022579
0275915355
7111025998
0814134324
2130048293
7725093478
2130117324
7444058510
5638030598
5902044781
0411166500
4720020569
6345019099
5402036285
2635213132
2623029107
2128042167
6027169809
7722397069
3664129423
0274912055
6686061767
2311176106
7825697459
9718057835
7203500957
7733261648
7721817754
7838505002
7703416083
7719805078
5501220937
7602096415
1841037547
7817113501
2724088250
7451384634
7804406606
6315643630
9701126872
3726004963
6311146109
7718098115
3808195726
7720375736
5835059525
6215013900
2130142352
2465303812
7804541838
7412017260
7017409926
7820310115
7716668320
7743136928
9715360777
5047262392
5047253341
3023005272
2721102595
4027136246
3448043612
2540000859
9721045011
3123180528
3327838484
0105077184
7804166993
2543010693
7714957479
2465300152
6670476678
0278926443
0278970611
2461041228
5406982597
7703307101
3711018459
5904195666
3906360311
3257047831
4345374340
6503014265
6658500701
2372003125
5024168072
7224080206
9102020764
1655470231
5262143238
2308238465
1515921879
6678099615
2366020718
5047169450
6324081498
1658206919
7716560101
6168057270
7724843738
2320121110
9718077983
7806557706
7804553054
3528314628
7536113947
1656052501
3808276414
7726737541
4703156697
5031044617
5044095337
7743357483
7726363977
7708737877
7715432964
7702644859
6230084302
7725341843
3912014648
3326005514
7733584430
7704485097
5031077796
7724335558
7814129214
1660242336
2537077410
7729780129
7730161902
4205052720
7811594580
2308249410
6330072170
6330086455
7717768279
3328480219
2124028732
9102035520
1646031870
9725080313
1660146209
2721130779
7714460831
7813643963
7811770050
9110022042
3305800021
2221122875
1435128505
2224083952
0708013127
7720385460
3702120336
5310014933
2011003857
5010031279
1644067246
1661034120
7720631330
3435106209
7820058787
3301033213
7842159186
5406614963
7715954801
2310037639
5190192071
3906115359
7810434986
5903089993
0277042201
0273944657
3128042634
9701119586
0277919570
4029015705
5022052210
3102037196
3255052593
5614047881
6321447391
7720467120
9721072544
7810977630
7723896423
6439045947
5835064927
4824098256
5250037771
0275083259
1831100239
4401109570
2454025987
1829014889
7455015483
7810635996
5027142996
7724339489
3525331086
2721254245
2511054225
6168073585
1310000490
7728367511
5609095760
7814487033
2904030556
2464134287
7816595980
7727435920
7721718986
6229034025
7203405767
7721781787
7840039278
7706799902
5243031137
7725621449
3665100226
6950212491
1660196295
0608023869
2443017871
3123084126
5032311255
7724925540
2465142756
5034033420
7715947434
7734432744
9701063446
6146005359
3662063946
7703767204
0273054510
2801061947
3127502303
7733056832
0238006023
7730667569
7726229121
3525375453
1435140527
7730542778
7839141870
0503012098
2310228601
3662130007
2460109610
7704404637
7716891512
0273931506
2311260742
1614012289
7730288296
0278972697
6501171671
6685083430
3664250236
2722061302
6324084026
5254490936
2905013105
7751041726
7720725839
7816733904
7727287260
5031129204
7721835231
9718110207
9703086329
6676005763
6453064483
7702418257
4345416769
3528133413
5254488278
7743385956
3245500285
6154145568
3907048190
8603214744
7325163843
3255042919
9723132527
6449037751
5038131499
5262311940
1605007282
6330080510
7202255565
2628036073
1658204132
7814812678
1306076457
7723649640
7705882467
3666178923
0917020551
2632068374
6670474744
7726757876
2450013571
0278907627
1652026645
6501168943
0277079681
0105039990
5803018420
5702004012
5022048358
6658220180
7710965503
7717788148
5029177289
4632192400
3123356570
6143025572
2311306740
1102077974
5016012554
9102253670
9729225111
5032119336
5751201863
1841103655
7731343648
6825007671
7106078835
0277111649
3662268580
0268026468
7802699844
7733385308
7721828770
6731069859
4205362288
7708742002
3666106573
3664218401
5254490911
7722586919
0545025878
1650124238
2460089964
3257012719
2521015063
7203474129
5042079570
3127508626
7743168060
7448100515
7721589794
1660251690
6439092320
1840022971
4205263463
3827053357
6501276804
1623010707
3906351589
5405469495
7802858974
3257038178
5403015520
7104511556
0916006025
6684029630
5751061704
7701087570
3257014924
6312160258
7802922852
7616007006
9701066415
2540042270
3662258085
7725458697
9731014460
9723092472
6722013698
3528269326
7714549705
7713417505
0272019022
1650350276
5074057875
7802488635
7708207936
6674354166
5920046164
7813213103
7816561821
7725780583
6234132853
6449018692
5902046644
5835124439
7724949276
1435152748
5473005621
1901076374
9200004288
6321281611
2723089646
6670329659
6149005237
2224196610
2723197401
7718284143
9725042124
7448163642
5410788000
7727779294
7326041830
0521015888
2465186094
1655136011
2540249420
1660111830
6167086310
3525278033
3627019937
3627019630
4825148333
2462208409
9705178649
7731466833
7705860061
7720803653
6451012698
0901046829
5404049650
3524016564
7708309350
5503112486
2223624415
5047213290
6321408434
2225147060
7704356824
7708506936
4634011987
5032296670
2366000327
7204200297
6686107429
3123084870
3607004890
3255052603
0264072350
7443007720
7735587081
5027250649
2466257083
1828021957
0274184631
0276936051
5836682108
9102233843
7724424720
5405292417
5260476418
7707439613
6161073145
6166051748
2127311829
8607115543
7727647682
3525332971
5836671360
0277107508
1659200412
3528287163
2465177406
7455036927
5501258916
6316114277
5501257006
7702418779
7404047744
6320028239
2130136415
4825067331
7714803140
1001273500
7734433515
9108006124
7806548349
5404230930
2311250208
9725078057
5038083439
6829051167
7722381534
9718114554
1658186300
0608003647
6501231810
7814686208
9102216164
7720353436
4345449796
9705000180
7718554287
7805253374
5040126094
7727393004
5049021459
6312199255
6311018869
5930004100
5835103291
7842141848
6230101702
8902014239
8604043354
1657189643
2636809256
6671036172
6382072333
6829146612
9705000341
4401162800
5018162026
4027121634
7718716516
7717732970
7451450936
0276041639
7713402611
2635238088
6452133712
3257042128
7702469734
7731394378
7710514613
5050121641
6615011230
7806344909
7813213382
6312122502
6312132148
2630048950
5263023543
1700000368
7703335211
5205006034
7453038929
3525278548
2310179030
2209027657
1655292998
7714140609
0554005042
2466082531
6168079033
3528237525
7455017681
1326252453
5427106216
7713719714
7128014056
3001041598
8911027932
7807373564
5752040249
1101122984
1645014649
7728635249
1603002962
7724947381
6163065414
7727309637
5018153342
7203336922
1655433720
3811443922
2466199219
1644000731
3711020264
2625030073
2623015143
5190021090
5052014490
6311168945
7811612470
7801310166
6311132882
7802597176
1626010430
2460102679
4217120205
6674365591
2116000557
5425024039
5919024247
6324071764
9704144502
5105094975
6685115762
1660137638
7448111764
9110022028
6324088609
3443928844
4632288398
2308196582
4401056921
6449085917
4707034918
7802871615
1651080449
6685116011
6455047123
1644050362
6382077050
5321171938
7733849623
9729161637
7203515382
7716928949
7536099918
0266017387
4345061668
5920021868
3123154782
5404148562
7116505885
2130071729
2721203674
3525418160
4707048325
7416005379
2130163930
1659160512
9725029765
6234001868
7806341601
3426013251
2462221456
6724006801
6671090042
0275924254
7724917443
0275909030
3812531096
7704700393
9715264199
1656056827
3663053179
4011026230
6670334031
7455015035
1644071299
7104082378
6381003915
2724171163
5528032803
3849035697
5024123057
2342014338
4246015460
6658413294
5260094521
1644054857
5614065520
6678061379
4011028220
5903057945
3435114143
5042054455
7736339290
6950223937
2103002606
3663070400
8620022665
7203137469
7811705847
9102020228
7814293430
5029206758
4705078814
0107025270
9723000344
6164130602
5401984921
3663118186
7724181844
7719798222
2721242955
7841049889
2624033280
5902231541
0276943669
8603094719
8608056467
7730716632
4253038203
6507013576
4205281818
4707038729
7203455430
7730700015
5261101490
6027156550
0274971639
2350012006
5405352955
5050083192
0272020170
7727818320
7813105556
2722071621
2301093108
6345020440
5401958488
7817086939
3257082579
9718193161
7724226855
5048031655
0264067223
7718973457
3120013159
3849029855
1327022163
7727337232
7456007326
2404016899
4632126735
9723132647
5007048730
7813497720
7106047347
2311264232
6330071000
3460081614
2301097335
7728437889
9715223410
5027294565
5405974032
7720363508
2465347111
1327032027
5609174475
7723596596
5836898185
4823056743
4823035581
7840065221
4345460831
4825098509
1501028834
7727813770
4401170832
6325048334
7718311541
9717108808
2318025882
7720344270
6382066629
4510029205
7901544658
2130192603
9102213727
7714468005
5406972415
3310000302
2901292810
3663092442
7448167333
8602252970
7709481794
1660355403
1656094318
2635057074
1660339627
9723072363
7807196308
7722732736
7714342154
7325157590
1650336909
2721137830
9731069188
7842006486
7743610545
2538148230
5027232992
9102187650
5519005909
7203387998
7715970419
3815006842
7453345447
7806545676
7719838098
2312189267
6442011063
6633023870
7743130122
0276929720
6829010989
6829011414
6820040844
6452148758
7328098409
7328076211
5024095032
1644072863
1657244157
6312211270
6311148917
1616027971
4802001736
9728074163
5024193110
4028042865
7727221277
7724441228
7604038634
6950202493
6950126034
6950189796
7802764324
7452105731
4025442086
4205036608
3234026289
1655300462
7751216165
7728492833
5032157797
9715389790
5406286840
6732167792
7734718542
5404233200
3329066473
7733293061
2540268750
3123090930
7725848432
5262267385
5032254494
7725493980
3128133112
2315140887
7725740615
0603278380
0608007923
2726000607
7841070545
1650201620
2014028521
9717006122
7733892636
7722662937
7327078738
7807380522
3665092720
7718745926
1650303460
4824044677
7810818816
6318184311
2130142176
5262291941
6820036100
7713794013
3257063079
9705165449
3305715030
4825042640
3662132893
6901032908
7719411482
0276922010
5051320488
9718057137
7604364758
4825132911
7606074821
6234150387
9723161976
6672143120
2466083359
7716901231
6325071125
4025054654
5024131379
6230087494
3525115173
0266017323
3917038498
0106002128
7704761607
1828032010
7806368219
3662187645
6167091704
7813268511
7708396747
7814488767
7720311556
6685154507
6685149105
0257009598
5226012293
1643012519
3664231723
6001004506
5047195280
7714680185
9702017940
0278216443
6679113319
3525469831
7603034676
7810435524
7804498075
3528255242
7602073440
3906375702
7207012446
4632234032
3525126320
9102021944
7901542227
5904083271
1840083269
6367056834
5902827253
6506009908
7743141660
6409003636
2722015440
3849010290
3662232930
0274184952
9728042940
2460104605
7451452161
5249154375
6679059044
4826110413
7734596326
7707453382
7704335214
5249094341
5032247049
5036088897
7204118589
7328099402
6678063520
7713773366
3627030730
4607005952
1650353372
7840428980
7826046883
7813654027
2015006418
7819036147
7536177740
5048047704
6455072955
7729721540
6315594430
4525005119
7734660268
8612010137
3827044708
7704405704
7726476900
5008029787
2543111645
7716722049
7604214008
6672215537
7813292828
5029208667
2225175035
1837013141
7430013692
3702540034
5410034387
7733252280
1215173710
3849062080
7813284915
7838060392
5405007067
1402046938
7709885243
6127011614
5614027532
7730705976
6316270445
7703643230
2631037768
7118501445
7722420776
7725677628
3444155932
1644070256
5107915232
3804033717
1435326070
7707794826
2537102040
7713711730
5001094716
5263136593
7726077038
7726280632
9715421130
4415001143
2209017183
5751057842
8602296920
9701099876
5433969161
7714467548
9723045458
7706448693
7722457744
7203364373
7202250373
7804683977
7719644631
7735158734
0608007747
5256111693
7717760382
6950216009
2630047788
7703821003
3123465837
2538140256
2508079526
5906136730
5906016577
5904333732
3123451506
5906124780
1646044607
3528235060
5507237430
7751026615
4401183849
7706716800
7726462209
9704176494
1655399846
7460045130
1503014820
2723163138
7701976548
4824067811
5504058457
7714324469
5047126449
3702688986
4501023951
3906371426
6164122224
3811432494
7806504574
2503028542
7727426620
6685016867
7714458487
7733302647
7460051342
7720650397
6829031844
7734397426
7810990221
7705405168
2302037547
5905952421
5506004658
7206048626
5263051318
2908002694
7838406555
2543044734
5027258207
7017403280
7017334565
7017142045
7017488491
7703547625
9723168731
7720498030
5262078074
7714230309
7804193404
0326538443
5321178517
7452122624
4205310949
6452951813
6449009546
6658408181
7813254413
6670352915
2311074496
3525430591
9718178710
7116153834
5260109792
5043044749
2540117350
5402053065
7743210434
2704022685
7802207193
4519005054
6672326830
5044026848
7728547440
0606003296
7722331491
6321367160
7813355612
3443111040
7736672420
1513035730
7720872752
5250074830
7606101306
7728328431
4706038885
8911008023
5406699999
7204097730
2312143223
7716570043
7203218950
6732057790
7203487174
7716706424
4823061253
9723149182
2508073972
7724666447
1435283564
1649037894
7702406981
7813330914
7814743826
9710096864
9731046141
7719272447
9723145011
9729300190
6330055150
8620015724
1215214967
7726686671
7734455981
5911065890
6449091741
7449118258
1513063897
2130209261
7840349953
6163134450
7708643876
2723210268
2315210140
6672204503
9715411171
9718045653
7714482465
9723132277
6154097900
7706460228
7224044007
5003118190
5027210212
5027185492
5250017768
4217105091
7721732282
7721426849
6685102153
6671449532
1435252608
7708313540
7719885852
7106525642
6234177847
9724071877
5256097640
7733848732
5003105667
7811730586
7720783206
1435114830
7105510668
7104001227
7105522198
2365023931
1660359976
7715266918
7703806580
7204103416
7224068488
7204119039
7203336792
7204159264
7202262516
7203387532
4205284174
7721803590
3662076078
7612000190
0323387154
3528315205
1832119779
5947998675
9723139924
4501173026
7702738592
7733378766
0277949053
6677006520
3702247847
1121019209
5612064458
8602108510
5003106460
7708251854
3661063710
3435106713
6501105407
7713733155
7810337728
6684007997
7701747812
6686081403
2318042976
3235010161
7801227091
7329004876
1841096920
7719874113
4345183962
0323115136
1323124911
5018202857
4028022467
1200004861
7725115805
1659181600
0277002914
7207013560
0264067544
0326019303
5321096705
7733838269
7707843897
6729030565
5503218323
3123320694
7707351091
1651074999
4205241702
7203297663
2127310416
6731049242
7816283211
2130104029
6311162213
5914017292
1326220525
7841416923
2302065223
7802669430
7723803429
7803050192
9701107573
5027005679
7801413683
7816267971
5043074870
4027071430
6146002774
9102045582
7724852757
9703066435
3906269172
7722689696
1660275998
2465177452
2461042084
6820027360
5903030157
6672306833
6671077965
6633009957
0266046211
6672161747
4501137050
0270406026
6685106260
7453304000
7451071906
1830016714
6679104152
5610080831
6670319812
7451448493
6670276823
7453279018
5638068320
0278154324
5906078044
6648682555
7445030700
0276918253
6670500225
7455013408
6679027099
6658225212
5919019328
6684033612
7451087800
6646009908
5610071594
6670298009
6607011332
7448203528
6658078487
7418016792
7447150898
7448184593
7422027564
0278153546
5609183776
7444049635
0276099759
8901020705
7449022482
5906017612
5614014188
5638050428
6685031047
6659207600
6623074227
6671388294
6670457989
6623077852
6672341411
1655279884
7720494780
1657243548
7801653646
5402065381
6829161681
7203462317
1400005781
9702032419
7734182526
1106031113
2440007547
3444107745
2101005016
1121027760
2907017095
0276086728
0277116358
0278135900
1102073810
7024036513
4023007497
7731452679
7733332793
7724456087
6234194480
7204206179
2710015887
2310167035
0554002210
0219008057
7806176500
6723005202
5262384586
5024124205
7743351763
1400008020
7723453904
2722052072
6164137069
1660062894
7731345620
5005056736
9701192307
7734429406
7703439820
6312117189
3906255420
3460080057
0278213146
7720824798
2463053613
2348037331
6230037253
7801700374
6950247832
7705895868
7730273490
3662125670
7730277583
5029172308
7751179308
2801230634
6829115653
7727838817
6234112857
7723535811
3250064933
3917050921
0276965782
2010001310
1435186296
9703091745
9701001721
9701217181
1657096614
7721852318
6215001615
5406975021
9704023628
2466252279
5001092500
4205201019
7810532969
7709513615
7806593870
2308010750
7802276750
7726238126
7727626308
2129014959
5609036147
7610037251
0562021538
0278190280
0274141081
0277074620
7805081823
6234152384
5040007330
0274101890
2902036305
7726435759
9717084314
4826139814
6949011977
6671463431
7728427954
1686008443
7723322796
1840110956
1327004862
9723134972
7839031725
9705111919
7606100045
2311170457
0107027037
9728029788
7839469188
7730285707
6318033016
7610128205
6432005085
7810939426
7456034270
2311161029
9701201840
7816319041
5404041266
4205209843
5260386411
4205355259
3528324175
7715890403
0326477649
9706021270
6439035392
5256130760
6924012496
7840081294
5260367031
6658464404
2130149260
6450109200
7524014902
6317112762
7114023170
7729685316
7719795856
7326044292
7731354230
7731482024
2721131243
3851992767
5260363213
6166061070
1657222964
1901061603
1902015649
5021000339
7202100988
0278948849
7734734600
6167006628
1504034201
9104000964
7733356089
4312134293
7704396873
5047160200
7703421051
4401177468
4707038430
6829117058
7703410557
7203471343
3810333356
7736210360
7801313223
2724134186
6820036823
9725041924
4703038220
7730275032
7715984348
7709960236
7720794279
2801197232
2537082756
7704126651
2713020130
2508003742
2801187308
7717291331
4025449758
0274926682
7412011653
7729672028
5001117650
6155049909
7719805550
7202197320
5501110620
6685108420
6670433307
7710949124
3702545730
3253003375
7100001018
7719771206
6671426616
7733296986
7718169528
9204567806
9204561160
7743187513
6027115190
7714492914
4205106189
7825483746
9701092454
6234126578
3906292855
4027052490
7708816617
7725284176
9705163794
3525168721
4027143980
7725687545
7715516075
6234055944
6319162864
5260419709
7802868500
5256090500
9731039987
5040134095
7701409468
7804601413
6335010266
4253025211
7447037444
7453275983
7453250192
7448068100
7453233292
7424032834
7449041630
3662248601
3820007545
3528080401
2309113740
5247054209
2129050844
0608018763
3906334350
7536074342
8709009520
7710687422
3528060927
0326538813
7804397292
5024226246
7816100958
1109006690
9701002644
7814604734
4706045378
7728861375
6453133218
2464124842
3664232766
7604331167
7842135668
1650400223
7804690195
5012061335
6321155173
7325147665
3662130663
6027055992
4217041049
7802786920
7715433189
7453255144
7842146500
7728860413
7701991916
6323083171
7801338933
2459020661
7734531960
7724414961
7716242444
9725072023
7702310165
4823058324
7743222334
5046071067
9728021845
1658175266
6670259419
3328015959
6357942336
7718699317
1655274420
6670492670
4401155792
7733006285
3827046818
7710969113
2222045542
5009088866
5256177609
7701404050
4205347900
6323099340
1657220029
5902132117
5905230070
8904043789
7728830850
5029039828
4824062098
4826060635
5190085369
7801610931
2116497890
9728066363
7727631033
1655422453
7106528940
5261071238
3123300970
2635222257
7724431526
3019027058
7811264494
9701211800
8602254952
6450066475
6450055681
0562014450
3308004130
2503023255
3510004801
3665103989
5047085697
7811596958
7811480174
7701592284
5404275507
3017052740
3651005974
3441031329
2724227240
3810341438
5404090129
2308121435
7814617229
7455024456
1434041474
6330060915
6312009610
6685200993
7733807503
7730264087
7725404229
7451385973
0706005113
9703072502
0608040896
7701940534
1831080198
2609024241
1326246925
7716773477
6324015801
5904057377
7203357947
6027194682
7733325010
7743104147
4205118392
7710691468
2315224400
5024132446
7838506239
6319075650
7714919265
8602263629
3003006341
3435043990
1655418190
2304066656
7813253579
7814454503
4632069029
2315993797
0273040820
9718026001
7704408656
7728309809
7736538802
7805729582
2901259669
7715573852
7715954657
4616006350
5902886273
6102059212
2311264017
4309005562
7720488634
6679056660
2723090480
3664095781
7810876800
7727483963
7706511049
2443046294
7839073370
1645026549
7715662284
7710626490
3435122225
7708577990
7456028407
9110000680
7810938550
6166078161
7702774181
7724708062
7702803749
7802555560
9725052605
6317101591
7203249571
1616004646
6629013703
8603214286
7816673540
1651052642
2343018350
6162043954
0323365312
1840042696
0510010782
2723202203
4825131700
3911016071
7723657827
5906094423
2543121643
0272908649
0721003992
2308109766
3665004353
7203161670
5001065948
7810006934
6674158098
6312142523
1656075202
7113503880
3510005570
5044056105
3443121070
5001041055
1328011816
6901050470
8620017802
3808052100
3435088623
5259020772
1657235480
7720698889
3702199304
7203332558
3435097410
1655384303
5047205764
7802557367
7708348856
5405002407
7714967999
6670370199
4703142535
7802683259
7719810631
7802625585
5643005195
7702681515
2222862706
1435026180
0274916250
3123378447
9709063720
7714429084
7722487555
7701877057
7452034583
7722389205
1609013880
1655463185
5105014909
4824069657
7017116743
2222861974
2371001848
7806242801
2466290002
2310227936
7536141535
7722784942
0278182057
7728192558
3122014373
7728711147
5003059160
2901224994
7733318630
9704020497
5021017396
2302060923
2367004229
3444186948
7327023351
6165092043
6102059131
8612012085
0276062068
0917034120
9719015838
7723568486
4823070836
8604038393
8601054573
6162078072
8601055947
8610030709
7203429045
8603180936
8603139896
6685026590
8602260201
2318041926
9102013326
6167127284
2311129321
5401148571
2315212299
6162068194
2614018518
2306018640
9201530580
3460056777
0721005830
7743307059
2632104953
0725022851
2320223296
2311333447
2632107190
6163095507
3435125314
2312208150
2302061677
6154565851
2636036951
6167056611
0917038380
2013433446
6165186037
1516609863
2536278210
2014010316
6118008728
1515909790
2311196409
6167073060
6154136732
9103001404
6518008673
0272018371
0411167670
9101004760
2631019737
7453167272
5902025274
7810828170
2311283250
3906326092
4029051904
6671261026
9701210718
7727408500
7701659309
7717781390
7717534270
8911028132
7801716180
7717683890
7727830399
0242010713
5008025870
1701039720
6669014728
7720549855
4025430242
6330007950
5044034542
2315213800
3123381538
2010008764
7814127961
9103000182
8911014193
8901016434
8904076738
8904082259
8904028692
1657238354
3906221283
7602110885
7606056854
7604299643
7606079153
7602028775
7720846801
7627051896
7610075419
7604248060
6671018896
7604275346
5007033011
5903024308
5075029038
6950240837
7721776480
3662194113
3015090323
5407263348
6658523441
7604133119
2224203233
7704841066
0277051220
3661071824
7716761369
6623099687
1655450387
0277139690
7204176189
7729494230
7703241997
7203372134
7707437849
2465174194
5259120897
1435291075
2311070188
7724870548
1402017528
6606036599
6674354864
1650239510
2310108390
2225162100
5406755724
5408233106
2463059894
2221238887
1435268421
7801326342
3444195484
4443022963
6382043082
5614077572
4207058036
1102060924
0278140402
7453050154
8609019034
9701016076
5258141848
2516000230
8603185652
1001166459
5406757457
6686090528
1633608550
7604115649
7729582818
7726730592
2636036863
7701186148
4824069294
0274063059
0276037311
1628009825
6317011330
5405221952
6166017874
2320240559
2722081330
2723031950
1658211429
7708353782
7716828623
7801003091
6313000240
5108003422
2014259624
4028034984
6150092925
7710019697
0276073567
3528075673
9731058806
8611010920
5258113294
3006006325
2312307337
5948038050
8902014623
7448190734
0250012591
6316241772
1655375919
2464016822
1650370385
4632047770
2312047745
0274042965
2357000909
0273075020
7743155832
7537010704
7606111343
6952037365
1840049733
6154078216
7536024013
3123458741
1328162389
3019009637
4212427345
7021047891
8904054325
7105019604
0275054770
3025003552
3017024380
6315661647
5321061942
7118506644
6452006922
6382068062
1215054270
7453009558
7743152246
5260438758
1433027798
2618010630
0278217870
5401971200
7202126545
2465270885
1660218446
1833043314
7806058954
4230011967
2628034492
0278190474
1649000171
7448027590
7730032150
6143030526
1327010560
5042141098
8709906784
6321177561
2015800490
0274161680
0273043821
0547002107
0245021417
7723618881
7453260698
2511097518
5905026364
5401953610
2312110901
6318240140
3664240189
7451393935
5406629159
5263102107
5027260911
7719466731
3702108836
3123402869
7724365513
9729254698
6950210102
7627043535
6658466779
7806549504
1659194134
1616030195
2308267667
3257067429
5032287549
7811741669
7718289913
5261082663
7460023480
6324058562
1650342395
5501224900
7717780854
5405984880
5602001890
7604198109
6312205614
6316193582
7453305645
7727443424
7453268263
6686051014
7725353422
7447280008
6679058509
6319194270
6670313497
4825125294
6670358018
5027139129
8603220850
5503174732
6950205543
4205325511
1686013813
5258031531
3460056897
5402019064
2312006139
6679046976
4028058054
6501089145
1001183454
1306075380
6102062670
7840011219
3327843653
6164029828
1660295320
7451210660
2460001399
6829158110
0323113259
2312264725
0326523359
2508055910
2503025397
3662276870
3662276895
7448051385
7606101810
7704795660
5321072550
1435168723
7448211504
6324041030
1841061067
2623802415
6316041861
6165129230
6165197180
7714303772
1901140686
3906963510
1657267845
3662058103
2536301684
5025013890
1207008978
4632203108
2315128375
5445019862
2312149874
3127012330
3907211591
3907211633
5433120579
3616006140
4720027099
7321316785
6449094968
7450018152
6901042590
8617027487
6154141958
5075016751
3017039989
6730036219
4028072130
4025084289
8601038701
8913007106
5614014766
4401166441
6449044283
8904067003
7224011820
3907022185
7423009021
2827009532
7604335041
7536056600
3009015261
1655152239
1650226416
3257013624
6670433184
0277065054
6454010427
8904043595
8602273031
3015103854
5262316681
5260208112
7709976613
4345059130
6730061712
9704112853
7328101524
7327050919
1501035052
1515920378
3662082794
2311165665
7453003764
6452934991
2224183393
1659143147
0263016970
7536076903
5404482221
2318022602
0278147542
7725338047
2904029487
6141042798
5803010284
3811043434
8622025206
4826071443
5190041080
1660075460
4826106495
8910007570
5838041075
5402068382
7203138261
7327032966
1657102240
2311146937
2311176025
1328013010
3233500080
6317135375
2626051171
7536066609
8601026738
9715335594
5027042960
2222804334
6165190185
2465012193
6952311586
4028060536
2632046797
7326001355
7719105485
7104054275
5040124650
6501163455
6671023173
1511027438
2466177617
2005000505
2543001360
8610013781
7205024277
7447057955
1103044795
5503113553
7801568013
3662218406
1647017250
7447180500
5032250926
1658184126
0278130612
5246052223
1658147815
9721123340
6319218877
1327031104
5030077786
2304072650
3666223012
7719780183
3711024163
5503249515
6318044917
3443139293
3808199294
3664052322
7731321115
7720372904
6685048770
7728551648
5050014329
0265048382
2460202514
7453136309
6316196569
7751023685
5050135411
1840033941
6679059407
2310140354
6320017340
6321369908
3662242938
7203516393
4618004407
7203357922
2465324731
6163131201
5908002266
7453323274
3849067963
7813193866
7716963407
6671006315
5038096808
0264076570
2466289840
7404039359
3811454057
6915008729
5504245954
1901135608
0572024633
8609019299
7447255393
5041203457
7722818214
7203494630
1840068380
6679080511
3665104291
5829006677
5829006691
4405009231
1660122092
8610016704
5407477558
2460251007
5617021899
2465302505
6685082796
9729194311
7723434605
5402008626
8602274010
3810059706
8620017739
6658451613
6679159000
5614081900
2303021331
6628014729
0277925302
1327032281
7024045236
7451349132
5404206976
1435025933
7453302475
2465119161
7453308501
6671212533
1400008140
5610226872
5262055180
4345414176
4401194350
5501201966
4825090901
3911800423
7203460493
7453103952
2626047418
6658469402
3327137545
5001063186
1604010540
1326233316
7451422174
5404508536
7448109557
5610063770
5407012760
2465285497
1650283573
6658519572
0261022016
6234155642
6165199830
0261052998
5406585455
1656096971
8602277910
5009115284
6679077420
1831187825
7606097850
7727847000
7718508202
4223044672
2724220910
1655476201
3849057370
0572009113
7805443978
8610016006
8602191452
8617031109
7449031688
7604362510
5260458786
5260407213
1832076934
5046047963
7451416244
1639050590
0273089569
6901055260
6658474498
2308034775
2315056040
3257029920
6501200925
9724066877
2721203917
4824035714
5044088770
0545018736
1655284186
0273084507
0277923111
5260344281
5258130444
1417009777
7451394551
5517010886
0277077194
6313546007
7718183378
6163226333
7721760152
8602201809
5404024038
4027096434
0326042133
5401368344
5501237137
6382066428
0276045224
0278033520
5619005211
4025438562
6678068222
5407486094
1831174801
4312144326
4823023924
9721082310
9724070552
5256130167
0273005640
4629027075
7203361492
0262014900
3663033415
5017034504
3666192910
2466232875
2204083834
7203513258
0278172612
3666244982
6312052157
6369012582
5214013648
5610230195
0278910620
5024087835
7704879013
5407968228
7715660921
5911069503
8602252828
7702376423
3827001863
7602005489
2636023085
6670490954
7803018008
5320012822
2348017350
4345018052
4347023700
7733009889
1326138687
5022028545
6316220684
6501004374
7707051002
7707018630
7438024706
4630011658
6166013439
5406243684
7724039245
2614018356
6319044130
0107025791
4011001814
5321114464
0573003932
1655072008
2465156830
7604089340
3127507380
2804019703
7736500710
6501153658
0268082286
5246051780
7804545021
7733810538
0269040384
0544019649
2635098120
2027000379
2465005904
5013040948
7217000390
6377004384
5610060338
7203000672
7453017809
2723009658
0901000655
3123002194
7734671742
6937000160
5410108649
2613007009
9724149604
7708595446
2020001447
7810312794
1809008213
1812906471
1415007950
1208001968
3461057004
1650005551
5044093805
5043068595
2411028648
0268085030
7448002395
6506011671
5751005940
2010001470
2301091157
2301083597
6504043928
2002001476
0702005585

